PID,SalePrice
527127150,197236.5883604959
527162130,173030.14679925586
527163010,162777.00423742077
527182190,227746.2560371019
527216070,414177.9477796108
527358140,240998.08695634367
527402200,136852.82564122666
527402250,138316.655277036
527425090,77833.42970958725
528181050,215820.19111125628
528218150,189032.873901759
528240070,225801.5092112558
528250100,136795.6125442137
528358010,246362.86028977897
528382030,222204.82966330758
528445060,254941.5189505213
531367050,229587.58585741033
531369060,198245.40377774756
532351140,137252.83537845366
532354090,145019.87860669513
532376160,128234.25371469463
532479070,173052.74364469046
533212060,157461.52015776277
533221090,183372.76241088525
533238045,263421.281618287
533244030,218871.82707446287
533352170,180031.12044489814
534152050,208931.6682472526
534152070,197690.38221806946
534202160,138165.0605221842
534251320,168032.6982372942
534276360,101943.53209284066
534425310,129273.43342769746
534427010,167280.2260353648
534431050,266756.1974747551
534431070,146940.08029917866
534479320,145618.86052099545
535106190,186422.38055869006
535152250,136301.02022204315
535302080,114252.06036903147
535350030,134984.85220326332
535350040,110878.99350558786
535454070,105012.72089586603
535457090,133977.25875965948
902102100,133611.31880392443
902104060,58306.828023556736
902110090,167863.13485501215
902125080,155316.80466143493
902206040,134672.21169268512
902207140,84295.5319610562
902402010,161193.21332744852
902402250,161959.14235658044
903206120,213645.26378625107
903226160,86303.98701924867
903425110,119158.16470796478
903430080,108084.5865768855
903450110,156684.02752670797
903454060,54411.515293543416
903476030,171343.00610082244
904100140,199706.3379237482
904302260,135956.69474397867
904352190,141609.52411092602
905105200,122296.77851815178
905106140,124397.88361879393
905109130,275011.13472962135
905109170,245505.6327833988
905325030,243689.16097666172
905352140,213763.16849607535
905451320,139294.9166190256
905475510,104577.36720501575
906201120,224715.72714820853
906223090,228187.99513507084
906380190,195725.55779388247
906385020,195655.0866154139
906402200,312815.88018073956
907200280,170270.4637362351
907203070,115297.02493928818
907250030,300744.2421018778
907290040,215666.8872594182
907290170,156334.0517012743
907414030,222086.410424635
908102060,15077.811393077893
908102110,100041.33911788234
908103350,138286.85602543046
908226130,62680.34056236029
909100080,136748.40111413127
909101070,18942.60704295273
909250060,199619.0412380979
909428280,284270.9303518573
909452114,169322.15180089627
909455030,186626.75473034556
911204090,155365.22409571658
911370510,268014.71460906364
914478110,219187.64826721666
916386020,180669.73246663247
916386060,134697.5248931857
916386090,258730.61523799034
923205015,187448.99774899564
923230190,104101.07597447469
527105070,171756.16428658788
527105130,271863.9215753155
527131030,252730.67373706726
527146010,233773.46036048996
527180100,177372.48474754917
527276160,208119.47518423985
527301320,260445.13235834544
527352150,209614.21958315436
527375180,134063.34958161347
527376100,155710.22902815143
527378140,203252.93766820882
527405180,108193.02108702813
527425110,116734.04377764763
527450280,83586.71492383046
527453060,154136.22524930153
527453140,130197.2145611566
527455050,150603.9645907749
527455080,171724.26226732042
527455090,94221.75024727064
527455280,178504.64682496767
528102040,340715.5770703823
528102140,400056.49559793994
528108040,337473.6059183716
528112040,337386.3219283705
528116010,303257.68502484343
528118060,332276.38165012375
528120030,342478.6819125184
528138010,345028.5490902718
528142040,299475.21490292845
528142090,307774.19858779345
528142130,306086.9920503673
528168030,269116.4707998867
528174050,224063.71952041384
528174060,222358.85713965015
528218090,172895.6493093601
528220040,195767.0958393211
528228295,232336.27671829474
528235010,182769.72809486385
528240060,166735.36276924913
528250020,185232.22235695118
528250040,163753.80956470338
528275070,245836.34423083416
528280230,235864.11261648184
528290030,155632.8237470333
528290120,190881.19159954588
528290180,156968.47125995837
528292030,270185.7806979945
528292070,231425.99780739474
528294050,132250.44562616717
528344040,311936.6081884661
528365070,305971.37327233574
528431020,264276.93785917026
528435050,281100.3923750086
528439060,244275.8055359309
528441020,250592.68308658313
528441090,425725.22962451563
528456180,200059.58393647685
528456220,193286.51474489193
528458060,206528.7311917899
528458180,230724.02556223937
528477070,239072.13422564833
528480040,262201.1428075822
528480130,195394.5047849305
528482040,255521.1340343554
528490070,196051.739067252
531363050,138814.1703797166
531375040,180516.72990846456
531375130,146611.89796392558
531376090,224585.23976351548
531379050,233071.19662210764
531385020,211783.7924251785
532353020,102648.05316231951
532354230,86356.82306580708
532377130,121559.8839493313
532478020,286672.5991389514
533213020,219440.74919616748
533213040,157218.5539409066
533236050,207792.00137550983
533252040,324508.2812150023
534127130,180710.12290348002
534127170,185874.7304766492
534128020,204974.44851648813
534129080,237363.3658725606
534152120,175130.26950321224
534175080,224157.99948926724
534177230,200388.67951316718
534200030,93060.63224424464
534226120,103884.7264323706
534251030,184207.07472039066
534252240,150870.36938146467
534275060,113567.98224266876
534275100,97948.06670757294
534276040,80085.40207964051
534400290,170211.6949647261
534451110,100549.78697771228
534475185,171121.07598020337
534476320,111322.74106373999
535126010,217880.62595406605
535154130,136195.76465769327
535175030,160592.30699548993
535175050,132790.83248679014
535178040,118249.56518232342
535179160,133113.5084764582
535301170,168843.69767286562
535303150,108260.49382086373
535325290,113744.51793483489
535354070,121304.12121800883
535375050,120032.23680647607
535381040,187259.67526334897
535383060,98274.22543853142
535403190,160976.9060619551
535450160,46139.84513147216
535453200,126532.82119229187
535475010,162808.3631060776
535476110,151424.77151427572
902105060,123655.55897230245
902106010,144392.02676655457
902109130,172902.09838866966
902134120,112043.58525524761
902135020,152743.69455017892
902201110,110182.49689967297
902300090,81515.86220750622
902301060,140864.072579058
902327070,169614.6445912306
902329080,121738.37841769928
902330040,192406.47853274905
902401130,138052.3950223431
902402150,57130.29566491472
902405100,160438.68090072682
902406070,141749.70820170981
902477120,43593.526842200896
903201020,143200.6852336163
903202170,136086.90641043987
903226130,102276.48497601184
903230100,109203.40842596289
903231010,139500.00208359654
903236040,129831.50168657282
903400220,172438.06205524819
903427120,138809.07684489293
903475100,114044.35752984557
903476090,99545.88247758392
904100190,108349.61558685866
904301070,110370.68281178761
904301375,68493.29060448884
904351200,88858.0749116512
905200260,126258.47307043779
905200350,145883.64898586998
905325020,213420.30746378505
905451300,105418.2757201146
905452040,155705.95999227598
905475160,138993.1954064636
905478030,134486.7404208635
905480030,89340.27166828075
906201050,179710.19015732003
906223210,231077.76916839328
906226060,170406.2752041383
906226080,184568.4415728997
906226090,165946.98603525732
906226140,109616.29271573621
906340100,352746.55057223816
906378110,253718.72402802156
906380060,299086.6448221488
906380100,270296.06996736693
906380220,212957.70630183836
906392130,190714.53559629337
907126050,129885.527188634
907131090,215533.4157632866
907131190,189118.4087219714
907135040,154660.6813679542
907135170,124861.68847692464
907185050,185027.0730113732
907192030,200602.21709192847
907194110,206890.90496668254
907196060,227120.81538128888
907202130,171322.0684071211
907227080,112435.8509067727
907227110,127729.14555936478
907252060,267697.3167964115
907252220,245245.0790106845
907265010,216441.25228075474
907275090,224729.82109104213
907285020,214725.0352419907
907285050,201782.72484871373
907290070,179649.6117418582
907412020,200574.79985095977
907414080,175872.73001079497
908102050,76710.49579133518
908152100,145647.75811469537
908154040,328613.0772884098
908225370,51594.60800406523
908229020,104438.0335117165
908275040,156344.5896350024
908275110,140849.92331993105
909101010,113684.3147574404
909101140,126551.49017268997
909129090,99213.49410254839
909179020,226552.34240286308
909251170,139813.2492839916
909253180,128442.8798992396
909279010,203201.75227449555
909282130,131044.31386759056
909427200,148710.5754951332
909451040,109256.96746146347
909451140,140501.56538703997
909451180,140501.56538703997
909452050,185881.96640223774
910204050,160394.2846716786
911104060,41525.72675006464
914475010,121792.19867219948
914475030,190327.3557458037
914476020,125884.92454481138
916386140,225324.5213015569
916403010,184296.98884060502
916403250,186454.62387065814
916460110,219799.40403876125
916475040,357798.4793695184
923203110,170861.00706040263
923225360,99741.66152202734
923225490,93811.13640602438
923227080,150532.35133324488
923275040,169987.1724840136
923276260,154033.47802452018
923400025,154068.3446683127
526351030,258137.65264920506
526353050,245074.92716803835
526354070,218237.38074465015
527106150,182204.2727628283
527127140,281800.9131767028
527140090,195873.33886748354
527145090,187338.23663519532
527165010,166688.2110207977
527183060,201210.54791596218
527214030,354683.81279709935
527226020,139189.60390801347
527252080,326639.4354224961
527302050,185547.70806530412
527357110,116166.87792074578
527380240,289618.6136712341
527402060,156388.98463671794
527450110,82754.5655122592
527450520,95491.08423769064
527451060,85584.46268005912
527451290,81057.8829511511
527451400,67328.33430425715
527451550,100318.55062274027
527452150,137026.24224807517
527455270,94877.27928520793
528104080,399436.9526377156
528110110,388159.69597932237
528118030,372984.4045413631
528142020,305241.8791162167
528166120,353538.2866454786
528178090,360768.35073219845
528186080,334303.48484299914
528228345,230130.37038413907
528228445,214873.81159146474
528235120,151858.24678950984
528240050,206845.48812061377
528280130,190348.3123411058
528326030,278720.8384361013
528363020,319527.6275369472
528363110,324031.9705704068
528387050,259267.8001545599
528431080,213325.2923141828
528431120,263736.2698941315
528458050,216369.55697201836
528462040,217322.03616311986
528478030,266578.60967249476
528478040,254916.18117805748
528490080,205577.4140552614
531363060,128641.30361511162
531373060,210282.3809788321
531375120,158001.98289944933
531376010,192490.37755069806
531382110,191790.16851187567
531382120,212368.15680581273
531450030,193317.95137259987
531450170,192383.73570089124
531452140,176545.43802840952
532351050,100566.23620625526
532353050,101010.01636208026
532376170,83691.3187410619
533206050,208035.95167308315
533208080,162217.73255768514
533212050,152398.58834822552
533212140,173270.41404616242
533212150,173270.41404616242
533215020,249631.96317587572
533215070,240005.42770986856
533215080,277583.3463907228
533217050,156907.92765665546
533234020,180052.5838535127
533350090,298158.85793361155
534126090,198706.60159750714
534127230,202589.68294480792
534128050,176619.61944728484
534129060,205405.1367849711
534175140,178601.5956834354
534202130,140593.85877650155
534225110,182080.40291625058
534225120,182398.18331920408
534250010,187572.88391784907
534403100,159205.95777297686
534428020,113804.57967794084
534428100,131027.29683393356
534453140,68575.72465292962
534477090,150896.85512504884
535105030,132938.92355144513
535126140,232032.0198010618
535150210,123196.35307135724
535151160,147578.87890285678
535179060,171470.01380811865
535302140,97674.93826617015
535305160,67140.47327322901
535327230,87152.58225009288
535375160,105843.40530157929
535402120,177544.71114924247
535451010,125356.64925466577
535451050,138151.56270973638
535451230,49886.60568313532
535453210,144019.6800536778
535455080,97053.51202897982
535455090,104132.05773075299
535456100,95503.76181437701
535475020,168873.50616150664
535476370,160868.32863526567
535477090,110440.40035842157
902100030,96183.98871033803
902103150,137903.86946963234
902105010,87199.1558918839
902105020,287598.83025357337
902105130,63462.42349890838
902107030,139654.72720878682
902306120,173938.38991795422
902306130,131020.29438444594
902406020,106531.05521162508
902427150,116973.95177425392
903201030,143471.60246638366
903204095,82393.44820122187
903206070,145194.10649107982
903225160,110017.97138149058
903226060,170101.66149805387
903226150,94231.8269820595
903228040,138342.90373708252
903230110,111065.33396411367
903232030,32104.17333715607
903234090,157219.60611038405
903400180,179214.16098970675
903401020,133339.17108273157
903453050,128709.65599011628
903454100,167823.57933816322
903455030,79464.66514845326
903455140,115688.97025599593
903456130,104472.80361340243
903484020,116246.57999611949
904100160,100000.79747194776
905104080,115157.21672800623
905202230,206976.96758422029
905300020,165770.68145896093
905401045,191713.70809640348
905426030,186995.41027227088
905452120,154035.9866166979
905477050,135945.26093734187
905479110,111902.70264676424
906223140,232875.86760191352
906380030,269677.90760328807
906412010,370878.2104261196
906420130,244440.98479829627
906424010,240766.64489290083
907135260,144449.6535393017
907192130,233968.8639332531
907196050,221839.19145175035
907201060,163102.43251141952
907227300,108427.56490652658
907251090,260593.68781504023
907255020,273560.10817048803
907255060,297248.9132128223
907285080,210671.15545247248
907290150,160482.99424924492
907295020,201218.1196484437
907405020,227661.31602672438
907418010,250005.06535048425
908103280,138046.28597806365
908128050,151282.04026164158
908151040,152654.09809365068
908186040,155404.86933453975
908201120,119207.4047562686
908225170,72432.04372042455
908250040,58048.038131629175
909101180,93074.19236450046
909131170,125018.13402272548
909250230,173466.91508275853
909275050,144456.79850614298
909276170,157071.13433740323
909281110,172993.32759453534
909425085,207630.68922574876
909428190,255838.26491689397
909451150,155694.58359661727
910200080,97453.53320022617
911102090,85037.56130273455
911102170,65623.9189094133
911370490,319156.9883831325
914476010,149643.0820810122
914476450,212904.80247347872
916125425,211332.05927733477
916380060,254190.28805277328
916403230,231865.8329598704
916460060,248688.55967149217
916477020,297207.2361460803
921126030,271168.9418078193
923202005,179943.6825711264
923203140,167429.90907501965
923225080,142452.88614380814
923225370,115970.89925935905
923252100,100195.2549459097
923277040,127744.33850910678
923426010,112326.83905332256
924100020,166283.11035351336
526352080,200229.6706221773
526352090,147658.71105150963
527110120,181708.39564046904
527158090,165934.78649064747
527162090,159552.40772093623
527163080,153298.87955804457
527165100,142851.2754280446
527175130,156393.23920617567
527182170,229288.57754697098
527184020,176589.7006380406
527210060,309964.3112834926
527226040,184264.35774697017
527252050,268545.43573968194
527252070,239968.537488026
527301080,219677.60370427716
527302090,225170.1675701885
527325110,208049.78913883606
527328020,154870.6408341356
527359010,210437.62299201178
527359080,212293.67328271852
527402240,171986.66472698178
527404100,97640.71063576263
527425140,109119.84036217308
527450220,104502.81932349707
527451170,115334.32708021859
527455030,137477.64509405254
527455250,119830.23350644407
528102120,291402.7105619702
528104010,341192.48239570775
528106040,397535.4104103107
528108160,286754.1902419501
528110070,314733.5115091562
528110100,414495.6693188958
528112150,265032.3642302183
528118040,378872.7593021686
528120150,324830.6628508619
528144050,323924.66897610924
528150040,356799.024842503
528168040,286154.52487017686
528172050,251546.0470560554
528172075,245943.20517084812
528174010,226448.6636421009
528181080,212242.76695435302
528186050,308929.300360634
528186090,303927.5731833538
528186120,346522.3944102507
528188160,220349.7407607592
528218020,194834.29078983306
528222060,192873.74896013932
528222090,194527.54374670208
528231010,249472.08957401337
528235000,167009.02777235315
528235160,236074.83553894502
528235170,244253.69354592904
528290170,179569.25222064677
528320050,502585.36838998506
528327060,456780.4351489826
528354110,299094.1102972368
528429090,349003.4208668196
528431030,238620.11383820802
528431040,396824.59035943565
528431110,313503.66188486596
528435070,264063.7937733664
528445020,230880.20839511233
528456190,201076.27064848228
528456230,200330.45635463056
528458080,218963.9803983072
528458130,300800.47319673735
528477020,258836.20605168783
528482010,278242.3333564011
528482090,294317.3138682727
531375140,181181.48215796793
531451150,115697.6526583882
532378240,106143.950396545
532479050,154142.84319718543
533120030,347821.49066949356
533130170,335730.7180691137
533208040,213031.75094207344
533208070,159726.05484313314
533213130,164102.83976326676
533236040,182792.53759983002
533242090,260681.95786639515
533250190,241990.83354463454
533251110,320027.8794448598
533251130,217519.9397336425
533254130,188307.8021338949
534104090,235559.8912696392
534125120,134169.66646889097
534178010,108449.27325163012
534201040,123253.90038754325
534202030,127771.348668036
534252110,126522.2500020139
534275170,129928.41983230299
534276180,103299.61019366559
534278170,144619.1626636393
534278190,104503.22223284736
534403290,209577.73505906202
534403420,144366.94780693384
534425080,188880.21716935546
534429030,83770.8952300606
534431020,113352.1214056477
534450090,16009.043360257463
534453080,106404.4518648763
534475170,195605.35266602563
534478140,147761.81579839042
534479120,121918.5799987796
535101150,179437.87581445658
535105110,167603.7187087753
535106180,128322.11625479882
535151100,113912.32209151634
535151110,140772.82495872676
535152060,116061.48607665769
535177110,198519.2515315896
535181030,181794.98719110506
535181140,165109.29982651555
535302070,105222.4303120404
535327200,125868.32987367507
535353160,149907.25336279493
535354050,118849.23123823482
535375130,87717.41011377035
535378080,128972.04036568789
535379110,149099.99690164527
535382150,76151.0305800425
535450220,108053.96770258174
535451040,105294.62661551246
535451110,129294.63151698263
535452060,138044.67891195783
535453080,123608.54543476796
535476360,200592.98600473275
535477130,147788.1333760231
535478040,104433.27515865392
902105110,105457.77133794884
902106070,121689.31049351726
902110010,102887.88273697645
902202070,165861.8036602808
902301030,134022.5438708156
902305010,121157.07682080069
902408080,229895.02421272933
902427040,89206.8380762483
902427180,110196.98737617346
903225040,101420.85148467238
903231180,120802.3633800217
903232100,150006.9085601992
903426010,132598.28583288647
903453080,212403.99054582496
903454010,102614.90510415638
903454090,133150.4028627942
903458060,137069.6610565101
903476100,71432.28994779979
904101070,227252.98674278773
904301110,94248.4722594412
904302010,112906.77460183922
905100080,192154.61872112803
905102010,172159.52549476025
905103110,112703.64537015728
905105040,102206.51686906528
905107140,139624.27475515963
905201080,156636.5737836881
905226080,140268.1999132346
905226170,153527.56996973162
905301050,243583.7412888122
905376090,130864.60063173615
905478140,161301.7439879912
905478220,161680.86390165854
905480090,122748.67146716817
906201022,206341.39540865982
906201023,253270.4966643228
906201200,298112.11358401197
906380040,278935.36669301946
906380120,199493.45716027168
906380160,212642.7617637406
906394050,206330.86919020477
907125040,150365.91368704094
907125120,128524.962671137
907135180,117138.23270278996
907180040,180810.54961441003
907187040,231332.7013915255
907192120,223809.7889489271
907192150,192547.09938385352
907202220,108951.2184432017
907203060,99982.85099370289
907260040,224841.64224745636
907275080,239222.71625638969
907290140,161648.32165623852
907295040,220096.855400462
907410020,179089.98542417694
907414060,219310.14875477
907420060,191300.93258579608
908102100,147336.6798541281
908127070,135312.87986324876
908152070,138111.5697432123
908152280,161921.21529256206
908154205,621120.6863268571
908225240,87337.1686991562
908225310,99843.30859184811
908226180,57414.535401182264
908250100,91274.27089968167
908275090,126277.6534698901
909252010,175176.02084020816
909252170,128627.42022150278
909275110,145646.0520636805
909276210,138558.20880730057
909281020,95776.60146700994
909428180,172172.54120077577
909455060,146695.4229158931
910201020,92344.07176418982
910201180,169314.44312593283
910205130,128588.14168690323
910206010,1389.6638502389542
911128010,137919.26064141197
911370460,261258.7221370639
914452090,173160.17120282346
914452190,125372.05992602446
916384070,257715.48043518513
916384150,265408.311919816
916403040,170832.98027064616
916455010,218525.03294848153
916455150,320825.5901389415
916460020,235509.4661271948
917425190,211013.08392655943
921205070,289216.4720104958
923202134,136538.32299968402
923202220,172172.41057497813
923204140,177427.45601571188
923225050,153150.000319265
923228220,89378.4498854356
923229010,155724.0016186035
923230180,128837.18524979145
923251160,152839.63648301133
526302040,115463.44002993745
527108020,265143.05692087166
527166030,174762.0635951351
527182020,149192.44592895557
527190220,254249.47806441027
527210040,457449.1099104871
527210050,299502.80893259787
527216050,395022.59701308893
527252090,279187.6171954949
527254070,283448.4569010536
527327080,165497.29136330864
527356020,260362.5102131596
527375160,158762.53105922986
527376110,164103.1457111482
527402210,117810.81920487621
527403120,68527.11045303552
527427210,213742.00198397078
527450080,127088.31584216835
527452290,164855.66011099584
527453070,123162.8813863293
527455100,151596.46166811595
528106010,284960.81906370993
528106120,275111.8934688869
528116030,309039.98664002493
528118010,310340.0836782319
528120140,347099.56243450276
528142070,327082.255354341
528144030,269023.86561974545
528150080,360220.02535736247
528172020,259085.41594142414
528181030,224843.6748134644
528181040,224843.6748134644
528186110,316740.7988978139
528218060,184186.8152544612
528218080,174902.32796524663
528218140,242362.66906180052
528221010,204088.30141449918
528222020,174902.32796524663
528228360,234034.49214608446
528228565,233567.81430186582
528231050,216712.1325148101
528240080,254439.35444878275
528275060,180777.9358695181
528275080,194139.37579535405
528280100,211914.4768492551
528290140,182015.29290346472
528294070,252562.58646198307
528315070,271955.860249004
528320060,410180.6036398716
528358030,333495.5371773816
528365090,296868.2096182034
531375070,184132.797165581
531375100,167660.7390827586
531450040,178558.37568033923
531452100,178385.5142369759
532353180,173217.91213862816
532376180,112085.2488020941
532476050,293554.0590334799
533110130,271592.1106135642
533128030,256437.61169181007
533128090,248422.13044796218
533212100,130888.71979967812
533212110,156155.4491569831
533223080,166629.31268638198
533241010,191484.03732619307
533242030,232991.69198728516
533252020,196912.0327032013
533253090,198693.19820777664
533253160,197808.3153221294
533350050,323097.2041298211
534127190,255145.226945907
534129230,159986.48369265223
534176250,135274.16467848717
534201280,121769.52326883218
534202180,157911.0110419911
534250300,187530.57099996466
534276230,187283.42245067487
534403280,167225.98344889234
534403440,141537.71052947803
534453150,150214.2995179079
534479240,142784.76078395607
535125060,211391.05340660008
535150240,89608.29814791401
535150300,301550.33307042904
535151130,151658.87999003057
535178100,162101.9461985179
535179050,114705.41405558807
535301150,129744.8166538204
535304020,113871.02272591452
535305120,165450.92883010826
535325460,229025.4124916527
535353180,242841.73882283428
535354130,132531.54185746354
535355100,95346.76638323575
535380130,171498.82267095344
535381060,105190.6981745854
535402100,145922.29711917043
535403150,137165.72457511292
535404080,94740.66875214048
535425040,183482.3594754809
535451190,97838.21791130057
535454030,43956.08306118476
535478010,107688.90996754449
902100130,84420.15229024467
902104020,136282.51688814396
902106040,162116.07908181462
902110120,178214.01375664337
902128100,132805.73026817772
902325050,180697.2097459991
902325160,88910.50268200685
902329070,105566.35869371094
902329090,176331.98858022847
902456015,88739.73141685688
903200050,64146.320883940774
903231190,111313.96730934868
903232170,41707.04704868625
903235020,55412.199992795824
903236200,102013.55820251825
903400030,57867.31872809847
903455090,121022.7335377399
904100090,211212.16705014164
905100030,161202.7147495516
905200380,86112.11628651807
905201090,162902.58050959877
905351045,174657.6695876341
905426100,159177.4324532586
905451050,160864.04005119146
905452150,139026.40299380972
906204180,262933.63349320216
906223180,215057.97707951668
906225180,252354.00179105526
906380150,196949.73001452934
906392120,263578.33399332105
906394010,221662.2650241392
907125020,167120.93330677474
907175030,232914.1692873023
907187010,220199.0352873311
907192010,210724.7109351862
907194130,210932.92294422296
907201160,161979.98473163007
907203010,105594.01046554628
907227090,115804.53945172811
907230240,135418.4793778183
907290080,267742.073430486
907290260,255131.37382319273
907410100,203846.43531959248
907410110,247835.53066281136
908102320,173085.66507503184
908103320,100901.23460580534
908127050,137478.3989356294
908186090,157969.69839832283
908188120,178855.75208429282
908188130,179567.01637746222
908227040,41100.282965886756
908228040,109241.87889269667
909101050,99782.2963971776
909101190,175274.88789398115
909201180,132834.9557134612
909250200,131948.0365266912
909254070,169129.12339796018
909275250,100732.9605761256
909281010,231505.76839172127
909425120,220700.30771869834
910203230,53958.45826963331
910207110,95634.46663763835
910226060,139810.26154674782
913350030,221563.2170010886
914452060,187058.0289730984
914474020,226147.89016838826
914476050,151577.46161053184
914476500,231585.19341533407
916402125,162349.77452522502
916403020,177666.85115355972
916475100,307105.74368967576
916477010,307270.233890977
923125030,84803.34034584128
923203090,169958.65576286288
923205120,139776.21166498153
923225240,139052.95735589805
923227100,156636.49526016694
923228310,88552.54455199795
923229110,199191.05587617576
923250060,137530.61405947935
924100070,190638.03974938576
