PID,SalePrice
527127150,217252.25641842716
527162130,167144.62754402432
527163010,173657.50733617245
527182190,245805.01975950348
527216070,475266.72989806364
527358140,211144.7420406682
527402200,133851.97068066325
527402250,143278.83305939863
527425090,120024.90321523632
528181050,222401.79011527577
528218150,175218.26523910795
528240070,231923.9900011252
528250100,158665.02869581897
528358010,266469.94442748086
528382030,236627.4547288459
528445060,193716.99249913177
531367050,241624.19571858458
531369060,209380.0477926563
532351140,148933.531238793
532354090,149071.2289956321
532376160,125801.06220854071
532479070,168997.66572320805
533212060,156681.86077969993
533221090,174316.24880121573
533238045,225110.88712169114
533244030,232584.0477063483
533352170,184930.46946856525
534152050,198629.31225226185
534152070,233982.12458371144
534202160,126042.80466807383
534251320,161309.70129530242
534276360,147721.56354306746
534425310,102959.20760886827
534427010,156070.17424615505
534431050,237657.53210946696
534431070,161254.17208113306
534479320,134511.6031470537
535106190,165906.548049319
535152250,126252.70583525646
535302080,127685.35552057586
535350030,128070.55061515173
535350040,117192.17937458993
535454070,142372.10844062362
535457090,134099.73181835568
902102100,174158.76296579343
902104060,78212.37633710605
902110090,171406.61943388922
902125080,160161.34270204947
902206040,142587.86003182823
902207140,74877.01117516165
902402010,128061.97567050991
902402250,172042.42071411927
903206120,190712.13948598813
903226160,93973.01761847755
903425110,154235.64909207876
903430080,103589.14597595492
903450110,145932.91706268385
903454060,121794.77544242734
903476030,166048.7999596915
904100140,210509.83344563615
904302260,162135.89526364882
904352190,192350.1662268447
905105200,130189.53869406425
905106140,135893.04951496978
905109130,277707.4368165649
905109170,222646.17565510178
905325030,238167.2771728452
905352140,253784.96277338907
905451320,142996.7017225735
905475510,142784.07233237987
906201120,225608.10505554336
906223090,235740.26163568487
906380190,198978.36488816346
906385020,169536.615571176
906402200,307043.34314066096
907200280,161898.54615734902
907203070,128340.96851163168
907250030,247499.56294744927
907290040,169800.9066912713
907290170,140057.16622265463
907414030,201488.3831845924
908102060,47315.23619916954
908102110,87546.98383046579
908103350,143772.1165984911
908226130,102794.20397494739
909100080,147740.78658827284
909101070,44740.807081026345
909250060,217455.08348910656
909428280,264820.7622466066
909452114,181649.51673315873
909455030,173548.51167681027
911204090,137236.67408350878
911370510,250515.6639922781
914478110,184679.317469288
916386020,175995.40412275726
916386060,146759.669568189
916386090,259347.27564681548
923205015,153192.0473933324
923230190,107774.83186965945
527105070,182615.3339278472
527105130,265370.87225039536
527131030,269673.7194587432
527146010,243165.30446663982
527180100,150717.87564257576
527276160,211339.63677400543
527301320,279402.2837820556
527352150,178209.4923457214
527375180,147054.41390393407
527376100,148649.59627093127
527378140,173325.12244734785
527405180,101156.90994823762
527425110,98640.1795753703
527450280,93126.17985722297
527453060,145637.92069512815
527453140,134337.42598380055
527455050,149300.96772393584
527455080,161126.47962037992
527455090,78141.82015378523
527455280,154297.9494969159
528102040,356286.7791892601
528102140,411790.2085169613
528108040,361421.40700400266
528112040,320294.9364206826
528116010,301539.1309573527
528118060,357892.421424551
528120030,359484.7548052244
528138010,350681.51184125623
528142040,321765.6416259826
528142090,301585.1777967632
528142130,265061.1867171021
528168030,304779.1162387634
528174050,241052.57299532968
528174060,254088.21705533843
528218090,173812.29979843023
528220040,214009.1253490426
528228295,181276.62919125933
528235010,208663.36785666068
528240060,191402.77422157704
528250020,212280.80235585495
528250040,197796.43424171046
528275070,245843.27951667755
528280230,243617.5262110005
528290030,185258.74671279598
528290120,177742.76872724097
528290180,179220.40997887548
528292030,263428.52162031614
528292070,249051.4408580169
528294050,138190.0947510007
528344040,316670.32481833664
528365070,346159.176366417
528431020,208745.45151441637
528435050,247758.46750546969
528439060,238406.8157105975
528441020,237910.84659694065
528441090,363245.53456222854
528456180,214721.84493452666
528456220,184284.20582682354
528458060,175271.58764740918
528458180,199759.25808149925
528477070,228896.39749041921
528480040,226472.0129818
528480130,200002.07720650994
528482040,236534.76574093587
528490070,213003.75027905888
531363050,133430.78062079786
531375040,153282.07026735705
531375130,154324.24069421407
531376090,189206.09906679162
531379050,251486.36954594788
531385020,200537.14834258019
532353020,126929.38078734488
532354230,103158.45632466837
532377130,141157.16404552737
532478020,237623.11581784295
533213020,169271.39356517186
533213040,127304.58897824404
533236050,166210.6078135792
533252040,289528.96894452674
534127130,148775.62167108804
534127170,167555.0979033159
534128020,208620.32248939323
534129080,212808.0728699431
534152120,165878.7707601409
534175080,210719.61996736273
534177230,207328.2517603574
534200030,107365.7502305565
534226120,109098.8427136681
534251030,176787.27013388972
534252240,153270.3255771802
534275060,121237.36377516911
534275100,101593.39593361136
534276040,89879.3942070921
534400290,160629.8788606138
534451110,152436.18516587804
534475185,155548.9495508026
534476320,103770.9185639336
535126010,205037.08138615004
535154130,166044.66679623647
535175030,158951.92486898764
535175050,93403.0893834059
535178040,113104.58416224878
535179160,132013.53890184633
535301170,127742.23238326878
535303150,134377.27986839938
535325290,117809.06997644664
535354070,118191.68687685422
535375050,172616.18360873545
535381040,197964.2090272713
535383060,132121.25587156307
535403190,143241.8323757865
535450160,65527.59015725231
535453200,132946.03724617863
535475010,146772.5909388428
535476110,129835.58774392706
902105060,154036.94068059837
902106010,141814.0413348147
902109130,197675.50912979245
902134120,125875.39347358744
902135020,139359.09061571638
902201110,124078.82744979797
902300090,133327.299924946
902301060,173278.1298656572
902327070,189689.98289524874
902329080,143091.54176632885
902330040,183758.36404888052
902401130,138675.59887179852
902402150,91524.92749476802
902405100,162923.46481620087
902406070,126627.55135415906
902477120,29931.612051427583
903201020,118088.88254001785
903202170,161035.8214404589
903226130,130520.42436531279
903230100,127337.46537193056
903231010,129367.18415822725
903236040,103718.45422233059
903400220,160000.8148273828
903427120,139927.63275941802
903475100,143733.86643818795
903476090,123714.5721966676
904100190,116070.24213125564
904301070,150999.90005702074
904301375,168983.4941721991
904351200,117205.46301736479
905200260,141344.233119957
905200350,149478.13393375085
905325020,234161.75982716208
905451300,107731.95690443704
905452040,169646.50053743337
905475160,140461.3743705248
905478030,158737.80134983762
905480030,121209.09402086577
906201050,183323.0555240558
906223210,234808.34425321093
906226060,180369.05987595487
906226080,150350.98481486994
906226090,147079.2976703809
906226140,114151.15246672582
906340100,310777.2188715313
906378110,208671.68883017072
906380060,269063.1927073723
906380100,230006.0045639421
906380220,208086.60495624965
906392130,208848.76527559682
907126050,128368.80581273633
907131090,247869.24645777995
907131190,177154.83554097154
907135040,119480.87934137651
907135170,115686.68095564065
907185050,187812.32887042104
907192030,190299.94561674993
907194110,177538.78541630326
907196060,193081.89336079737
907202130,179009.91281248827
907227080,112344.67006118342
907227110,105457.57340453206
907252060,256286.223812919
907252220,257717.89706828364
907265010,200091.1076026666
907275090,216795.2063381148
907285020,204083.06749850686
907285050,195965.73010362795
907290070,159693.69915652933
907412020,195537.41048874834
907414080,193014.3226619743
908102050,108164.06552186569
908152100,121852.07982346133
908154040,303422.4832745917
908225370,100715.64049956447
908229020,105590.3620695105
908275040,131727.64705027002
908275110,130606.31109458295
909101010,106367.58318287056
909101140,141829.3426290523
909129090,99168.06736499428
909179020,266044.4013666906
909251170,184944.77984955424
909253180,157791.39111855748
909279010,211535.1388248044
909282130,132883.17872093443
909427200,121690.05163880246
909451040,76123.65807758213
909451140,105333.15618683808
909451180,113535.28783861261
909452050,190593.41321877507
910204050,171127.81922366598
911104060,40759.015104843056
914475010,134954.79534821102
914475030,177782.7086414718
914476020,154417.56864909793
916386140,219612.7297800359
916403010,195957.39895261254
916403250,207385.12599739942
916460110,196067.7855602628
916475040,326281.06464331097
923203110,137505.19577854886
923225360,109626.36781742162
923225490,111248.55227354092
923227080,171136.72025257495
923275040,164123.6595369515
923276260,148768.27919671335
923400025,171330.77172250062
526351030,236265.90724732465
526353050,227903.04845693434
526354070,228978.1083674287
527106150,199791.2987634295
527127140,279820.6748702613
527140090,225221.41290692304
527145090,203362.59186878853
527165010,193161.1506138738
527183060,250042.3052458492
527214030,372497.6496879284
527226020,136716.617837708
527252080,331181.1759943021
527302050,172515.89717677422
527357110,106641.5059309098
527380240,268008.6056893811
527402060,146375.09622790338
527450110,82315.11987527653
527450520,78215.0257763813
527451060,74419.83132469599
527451290,74294.58882110208
527451400,79706.19154510467
527451550,104369.9509534096
527452150,100221.58346262932
527455270,94601.05214842477
528104080,435015.615099412
528110110,369526.03706457256
528118030,342409.32124646794
528142020,343410.3215642673
528166120,374946.8455987
528178090,338706.926259614
528186080,314051.8042059474
528228345,186770.53962440084
528228445,159842.7485374782
528235120,172506.42761651185
528240050,208234.5831095365
528280130,187194.09286052024
528326030,315036.6724757344
528363020,315949.0495730556
528363110,309034.9863676265
528387050,289381.12673537864
528431080,209963.98003843665
528431120,241203.8051404027
528458050,195637.91064595652
528462040,194011.63830167818
528478030,232962.38782938087
528478040,224067.5552130083
528490080,201972.95541367977
531363060,141285.50953067414
531373060,210412.31363980926
531375120,144365.20645578476
531376010,194739.93635022832
531382110,213601.04602878558
531382120,204091.5296102848
531450030,212802.82923338754
531450170,212082.26339303958
531452140,149100.2966688524
532351050,118767.33323898655
532353050,124195.31019533599
532376170,85062.66437702134
533206050,167239.58922241756
533208080,141839.90539313084
533212050,151358.0869268183
533212140,112632.30167699503
533212150,114189.12326615091
533215020,232229.51424637972
533215070,224673.2312846093
533215080,222699.38802959595
533217050,163028.7705684918
533234020,188255.16711751727
533350090,291641.5645183843
534126090,164162.52900751348
534127230,155647.8510734905
534128050,156029.21627345862
534129060,193470.364557184
534175140,144675.6438056487
534202130,122581.73299679134
534225110,147326.65616427996
534225120,152236.27004878898
534250010,141084.77278295223
534403100,146307.09778873986
534428020,141415.58842279634
534428100,139125.43530761852
534453140,106012.1082679092
534477090,158719.5613737152
535105030,116357.89941252771
535126140,215129.07618175558
535150210,129686.23856941471
535151160,128566.7622025942
535179060,155039.5394551856
535302140,112418.04057686783
535305160,67713.80834552633
535327230,140282.48243346097
535375160,110805.296207988
535402120,162553.6855266728
535451010,144221.61839334574
535451050,94751.62130374546
535451230,78090.14652520067
535453210,146189.54536618994
535455080,112331.31997808615
535455090,119338.77600073937
535456100,86068.91151343445
535475020,173408.11529639844
535476370,178508.292920504
535477090,116040.87059659758
902100030,79317.25585038874
902103150,113959.96129112321
902105010,75526.23169594885
902105020,266398.91196882207
902105130,97317.29880082188
902107030,153593.54668263756
902306120,171705.33696767094
902306130,137411.66776163474
902406020,124498.234145684
902427150,104887.29201910787
903201030,145942.90607585583
903204095,81881.84267856684
903206070,166624.9275727798
903225160,109580.95924444403
903226060,179951.1605908618
903226150,78749.48148509525
903228040,140291.9930373896
903230110,155309.0218137615
903232030,44729.29328740617
903234090,159705.53501254407
903400180,174198.11538694293
903401020,166943.59382881178
903453050,114069.15745279634
903454100,186862.23593750433
903455030,99988.91747864264
903455140,99009.76649582761
903456130,145270.1117970074
903484020,125658.59953659686
904100160,140590.2684790768
905104080,75055.79573061873
905202230,180629.88568757742
905300020,134001.8464721776
905401045,197323.91360073886
905426030,194326.2369554037
905452120,132302.1391608352
905477050,146593.1667891274
905479110,113136.08464420986
906223140,245394.44486373744
906380030,224476.80534306628
906412010,261214.2685072397
906420130,249964.04057910648
906424010,218539.7912165594
907135260,123890.73528437037
907192130,215385.14496080513
907196050,230997.99450717052
907201060,142128.63938108453
907227300,122667.24408835928
907251090,240740.28793667385
907255020,229758.47956504178
907255060,256752.40421368874
907285080,223504.86374301714
907290150,140057.16622265463
907295020,204693.49688252772
907405020,218411.58573198243
907418010,192798.04415549763
908103280,110904.46857465134
908128050,160325.93764961703
908151040,153357.80891422706
908186040,105390.59382417303
908201120,125643.26154827609
908225170,98969.39429272921
908250040,91559.30496434699
909101180,123582.30006930794
909131170,141142.1676484962
909250230,180340.52392548494
909275050,152849.62582720455
909276170,166844.82862057613
909281110,163688.11738259537
909425085,210082.70974007773
909428190,209278.68693262996
909451150,164715.15117179422
910200080,100178.28491983091
911102090,85263.65826885992
911102170,80537.83451492328
911370490,318611.96921867254
914476010,156988.13683355897
914476450,197107.97583857435
916125425,240090.9321914123
916380060,239475.8727539805
916403230,197739.95106925728
916460060,237948.93230231374
916477020,274152.41910661914
921126030,258559.32850839832
923202005,139808.6507431469
923203140,136553.23933139248
923225080,98502.56360184148
923225370,117786.75826231662
923252100,94561.29736680412
923277040,92855.34485201178
923426010,108070.58062020135
924100020,226536.14854600336
526352080,167116.01445238545
526352090,139612.57307616633
527110120,188497.30250783393
527158090,175387.61164544767
527162090,130917.04343546122
527163080,145596.33918270344
527165100,161782.231103049
527175130,123176.71347601003
527182170,258902.79161810403
527184020,210789.63554097025
527210060,317697.78850489104
527226040,171663.27957032766
527252050,285689.3155980959
527252070,284841.93907150667
527301080,200392.6626870099
527302090,194200.77662007557
527325110,184437.8553111144
527328020,162027.61391468148
527359010,201915.68171692797
527359080,182711.1650337507
527402240,163911.1245494511
527404100,115228.32400668185
527425140,106080.41533728567
527450220,108467.32411620855
527451170,103589.20781213176
527455030,109292.70369452701
527455250,117843.10035359679
528102120,280047.5201541975
528104010,329754.65813872166
528106040,383285.9239765294
528108160,285126.65817708505
528110070,294832.97469412227
528110100,382198.6949449762
528112150,249125.40872382664
528118040,365513.9351739996
528120150,324153.8918141344
528144050,318351.00655163586
528150040,367305.0455131153
528168040,299468.34444696474
528172050,259609.93256739975
528172075,257797.2242780194
528174010,242863.24963706062
528181080,210748.91911577363
528186050,310451.4481145754
528186090,303421.04906262376
528186120,320819.1346621658
528188160,222454.93119326734
528218020,190542.2718494332
528222060,213541.14021803805
528222090,173078.5437047291
528231010,229517.11840001453
528235000,195071.58924928767
528235160,243773.63026346592
528235170,234671.05971204076
528290170,190390.0322921772
528320050,468617.0716818471
528327060,412824.1012601995
528354110,306579.8065473375
528429090,285820.28930223413
528431030,205092.08840254857
528431040,354467.43129273615
528431110,255841.5913708383
528435070,210164.37897505192
528445020,204191.54275427441
528456190,190499.83734244574
528456230,181562.13175891677
528458080,236765.02428067103
528458130,318803.2596789017
528477020,220509.9055425927
528482010,232612.9703785167
528482090,268858.4644400603
531375140,164817.6974395714
531451150,96263.15876754098
532378240,110548.8008284962
532479050,162880.9027063495
533120030,345868.45569499285
533130170,337368.7512664946
533208040,166962.9593029982
533208070,152382.52163527033
533213130,152749.1252302973
533236040,153401.30183876952
533242090,262437.8249874736
533250190,210399.15212676546
533251110,265075.0819934239
533251130,194173.9918285429
533254130,181377.29240712023
534104090,231709.6336793413
534125120,134361.8598220854
534178010,136559.27131627628
534201040,139260.57933017274
534202030,149970.3076846544
534252110,122013.23254483094
534275170,116420.88383278842
534276180,117867.04516557386
534278170,122662.76917113543
534278190,91728.28491770904
534403290,201503.7589185498
534403420,148802.30055156807
534425080,166002.43095306808
534429030,102189.93418760973
534431020,95929.36903622063
534450090,88207.86221473292
534453080,110898.72541813753
534475170,168746.42539443378
534478140,148669.37981650323
534479120,151928.94236080564
535101150,131104.64813304122
535105110,158603.4052920058
535106180,143675.33882515493
535151100,133137.03117262604
535151110,133988.34770509068
535152060,111583.75945896356
535177110,159489.0233873045
535181030,180873.38078745676
535181140,169998.16185536445
535302070,105114.58999599266
535327200,103909.84865837455
535353160,183305.86074111605
535354050,119051.07934367488
535375130,101906.17515158662
535378080,139302.3642005103
535379110,152935.4950041913
535382150,86219.00037955598
535450220,107628.47332710424
535451040,108774.41477899734
535451110,122302.58975943267
535452060,99890.37028404503
535453080,129748.35205848518
535476360,210558.43756650898
535477130,168842.13310113247
535478040,136381.50140607293
902105110,90513.78751102282
902106070,116921.02179468615
902110010,101099.76291505936
902202070,115254.46599510263
902301030,140176.56573157175
902305010,115714.42167322055
902408080,185309.83611143666
902427040,119126.86168688905
902427180,115945.28767454016
903225040,139989.4367534669
903231180,127045.11797483452
903232100,136482.85963499802
903426010,133564.28681007624
903453080,212406.50012496824
903454010,121392.90964618325
903454090,149383.8224232714
903458060,121832.02721502201
903476100,108165.45874500903
904101070,282515.27033089916
904301110,100125.62052593907
904302010,130991.74415571982
905100080,171031.09738470783
905102010,159158.7393930648
905103110,145034.77779122166
905105040,112419.6202481875
905107140,129670.42166020628
905201080,172923.2029735925
905226080,154707.19985500356
905226170,148119.93453713052
905301050,243731.04993793805
905376090,149281.3156446845
905478140,157457.3660105527
905478220,147799.63461485415
905480090,135057.51753818907
906201022,221989.350560237
906201023,260359.43488258787
906201200,293948.05921284563
906380040,237304.1170583811
906380120,191955.48826788604
906380160,181841.8922871254
906394050,192409.93165889068
907125040,132041.31173924997
907125120,114021.80925040196
907135180,124860.26650915066
907180040,191928.70464198914
907187040,233435.26247264445
907192120,220809.1300744397
907192150,184792.67688024847
907202220,112108.53113023128
907203060,102781.37816447594
907260040,186807.37822108326
907275080,222065.48617401533
907290140,140057.16622265463
907295040,217888.78507664747
907410020,190087.15841866037
907414060,193248.77899564488
907420060,185962.15530797443
908102100,139477.15864224374
908127070,100750.84156499711
908152070,132665.5384614687
908152280,141776.24455615223
908154205,528131.8153140175
908225240,109980.35432026208
908225310,63207.473975841225
908226180,105577.29859320133
908250100,86675.71176858913
908275090,107597.25295522387
909252010,205773.03999885934
909252170,118206.79125564906
909275110,160856.733968601
909276210,179165.23709246475
909281020,119637.35016454353
909428180,138528.75811079267
909455060,137480.15019941502
910201020,99799.96900891431
910201180,167456.35690098623
910205130,146197.79268407117
910206010,67165.6582351398
911128010,89711.56720507363
911370460,225627.5467297301
914452090,196964.6835528162
914452190,122945.35292908928
916384070,263352.9749321088
916384150,232719.45383869414
916403040,169341.28346326208
916455010,232998.86441281
916455150,267669.5857229618
916460020,200209.6871011678
917425190,168147.78512708138
921205070,262387.31284053455
923202134,141778.54506340175
923202220,141263.2319453771
923204140,158182.05522535517
923225050,133026.92908745632
923228220,91495.78260003446
923229010,161257.269930688
923230180,123894.14225003871
923251160,118125.11026708712
526302040,124578.50615280235
527108020,221801.8403886152
527166030,167123.36247699274
527182020,156014.9883814903
527190220,300023.43816640356
527210040,477788.2033152919
527210050,336906.36484507506
527216050,423008.24949531537
527252090,272451.44799975376
527254070,297596.139760372
527327080,193686.7953275788
527356020,282009.22960598365
527375160,169669.87653745408
527376110,176777.63652655756
527402210,113127.10925682745
527403120,108127.50631550892
527427210,174994.1462225159
527450080,102166.06755831443
527452290,160966.52814493253
527453070,118415.5049643397
527455100,145738.9329208696
528106010,308744.6754472208
528106120,262640.1455562675
528116030,306243.87224841735
528118010,346071.35770056583
528120140,384921.10810428316
528142070,368231.4134133999
528144030,298559.8752755346
528150080,357614.56988341
528172020,308717.9320644955
528181030,217279.76194950644
528181040,217279.76194950644
528186110,295278.29683800176
528218060,196007.78704007188
528218080,185932.4239669791
528218140,248223.72524380445
528221010,204702.19518094987
528222020,191947.40280863066
528228360,197114.91294797498
528228565,185203.3522383151
528231050,213583.5617304574
528240080,217422.45362750988
528275060,170033.62591791246
528275080,198891.82978208782
528280100,214291.7714282252
528290140,189184.22079244576
528294070,238395.2679543887
528315070,291722.0611061017
528320060,421177.2460080599
528358030,335192.39208822406
528365090,308688.18938808725
531375070,123338.25159900382
531375100,168511.2882581961
531450040,197603.39801234752
531452100,149363.22138512065
532353180,160361.6673732812
532376180,117619.17967120522
532476050,296765.574477484
533110130,286689.02433198586
533128030,305650.2408313373
533128090,263917.55370992445
533212100,110008.0431694067
533212110,140488.1304516527
533223080,173854.04405198764
533241010,201319.71602017025
533242030,199304.6248548219
533252020,190279.02024768654
533253090,172099.79539731867
533253160,173741.56637571193
533350050,261085.61292753532
534127190,214732.23238622484
534129230,160223.66928966966
534176250,125954.25168750057
534201280,148134.9290969023
534202180,139974.14531085445
534250300,190943.5914472512
534276230,141217.28906240108
534403280,146894.12860667368
534403440,146528.63163933746
534453150,146917.524481476
534479240,133927.23087520603
535125060,201788.23978709005
535150240,89764.27559375012
535150300,281205.8904537962
535151130,123964.20533807155
535178100,156816.2517829417
535179050,121162.17984688503
535301150,101070.44004488124
535304020,113168.45762269359
535305120,155150.07690539345
535325460,193924.01702725404
535353180,237522.74954071536
535354130,121584.28299850982
535355100,155362.7321569454
535380130,153642.631492483
535381060,103313.94845195473
535402100,145374.41819992242
535403150,153187.46020449573
535404080,103278.71277154298
535425040,168195.9603264479
535451190,82489.17044057007
535454030,69776.27739563634
535478010,134216.59687892895
902100130,83255.44399631856
902104020,135156.44539804623
902106040,158570.98344871416
902110120,183091.38647313003
902128100,121409.22999404377
902325050,154035.78961955436
902325160,109403.70066829634
902329070,85413.31586805962
902329090,177723.77583345323
902456015,121474.81469839285
903200050,58994.10244161314
903231190,128126.67356308189
903232170,73907.96839915638
903235020,74192.7547712762
903236200,88982.4135782281
903400030,76190.35718041973
903455090,136739.62879529753
904100090,159080.2977530004
905100030,140132.06150337055
905200380,100664.9735312811
905201090,166954.74707386788
905351045,208268.6168236778
905426100,212617.53610091115
905451050,134006.81147420514
905452150,149557.16221287748
906204180,269430.1461982483
906223180,226968.86509231833
906225180,204284.41143164004
906380150,169764.10102771662
906392120,255994.17196365073
906394010,226358.21830973547
907125020,149744.7024116667
907175030,217713.4843374011
907187010,233032.49873254285
907192010,224241.26110855123
907194130,198076.20316815865
907201160,164371.07748303717
907203010,101321.55470209468
907227090,98159.99159191041
907230240,130684.6039485784
907290080,220402.46019860107
907290260,244917.8929585333
907410100,202468.3791218478
907410110,220010.58794599283
908102320,168640.7698589027
908103320,94700.01465950685
908127050,129739.59588495074
908186090,117686.48251626884
908188120,146298.74878013492
908188130,146298.74878013492
908227040,85384.89481101693
908228040,134788.39048326874
909101050,126840.64492851199
909101190,175893.01910283125
909201180,119253.46074053147
909250200,142422.68779879756
909254070,175877.0006214151
909275250,105009.23788271696
909281010,215550.89424092026
909425120,179813.60873222956
910203230,86793.06950901376
910207110,56688.42276880935
910226060,158970.58591320092
913350030,223124.35154872743
914452060,142445.01143252704
914474020,192937.39479263517
914476050,115354.16859260321
914476500,155886.75911811602
916402125,160602.97946639085
916403020,182206.4538441375
916475100,258095.45600920112
916477010,276869.52099885367
923125030,116008.72639478886
923203090,144643.4864413289
923205120,93117.10295275037
923225240,131428.81649976457
923227100,176975.38905631047
923228310,54186.535837597214
923229110,164368.56164666582
923250060,168544.32897586504
924100070,200412.07944808615
