PID,SalePrice
527127150,224673.95865311078
527162130,170172.68974014447
527163010,177820.5589056278
527182190,251166.615104821
527216070,482182.3983138342
527358140,213385.12472219206
527402200,135202.25174322605
527402250,144757.60046436888
527425090,120796.36900679198
528181050,229277.6135118595
528218150,177777.43637294916
528240070,238186.93216123385
528250100,161699.406870305
528358010,271524.4870274214
528382030,241118.19497413933
528445060,195775.66414714121
531367050,245196.7034831689
531369060,210398.46996405517
532351140,151859.03408467185
532354090,150700.72218050394
532376160,128152.45947412854
532479070,169155.84502296362
533212060,159550.24778369928
533221090,179243.4091002203
533238045,230829.02532447677
533244030,237995.29140045663
533352170,186292.99470131256
534152050,201183.80702663126
534152070,239679.47057474114
534202160,127612.28077326511
534251320,164725.97346919443
534276360,151439.9912357324
534425310,104048.39153705088
534427010,159827.1670279792
534431050,243332.80074910377
534431070,167207.71179023065
534479320,137412.07254807584
535106190,170219.61866526963
535152250,130296.08356982804
535302080,129253.66258460423
535350030,128765.2374950836
535350040,120520.1319971467
535454070,148553.06966360472
535457090,137297.59032551496
902102100,175492.32071799866
902104060,78936.1104397042
902110090,169706.04041038733
902125080,163028.66771095974
902206040,143240.77783374125
902207140,75437.61968794776
902402010,131263.8250009766
902402250,174470.30583317945
903206120,193857.59268840583
903226160,98200.48350445202
903425110,153252.0220457577
903430080,102957.3311102603
903450110,137750.6309368457
903454060,122177.30943784809
903476030,166028.72639821912
904100140,214702.21782203077
904302260,165558.0111920045
904352190,196583.334964125
905105200,131254.50413570364
905106140,140382.4352775927
905109130,283389.16506144876
905109170,227054.18530264357
905325030,242508.0670390951
905352140,256141.88801637496
905451320,146357.97191999314
905475510,144028.51748143704
906201120,227616.8491338436
906223090,239187.068425435
906380190,203428.52596004272
906385020,174098.50282322016
906402200,314109.5405832122
907200280,166453.93576627073
907203070,131485.65275510072
907250030,252999.95256891625
907290040,171864.06062735745
907290170,141118.34195626937
907414030,204127.2649974386
908102060,47678.865348474545
908102110,90978.91998411188
908103350,145784.19428729202
908226130,102582.5456373092
909100080,147496.82683207665
909101070,47938.94156363161
909250060,222263.9952634616
909428280,270537.2629906866
909452114,183088.75735122774
909455030,175596.0928562738
911204090,133045.31130233602
911370510,255235.5200696967
914478110,188160.66146302578
916386020,177618.92221903912
916386060,149295.30229629733
916386090,259936.5930480386
923205015,157044.4246564319
923230190,110004.73074331079
527105070,186905.61001083325
527105130,268613.9829681568
527131030,283813.74408669263
527146010,250739.32186050585
527180100,155613.87423659457
527276160,216992.82095912652
527301320,282248.4493045196
527352150,180902.9344964159
527375180,150042.2958032068
527376100,151754.65515676577
527378140,174027.01567164532
527405180,105106.97717150007
527425110,101920.17894162932
527450280,95015.09988105956
527453060,150648.60993802204
527453140,137459.3222288171
527455050,154722.0266236603
527455080,166452.67616957217
527455090,81898.24514031124
527455280,157515.50455362245
528102040,364578.5137609636
528102140,420760.500424368
528108040,368475.94377638574
528112040,326934.0904561875
528116010,307162.3298119529
528118060,365517.70253594895
528120030,365217.97699365456
528138010,356859.6712291958
528142040,329211.32921865955
528142090,310111.01940363785
528142130,270283.48245442845
528168030,311973.3375797173
528174050,248205.16972020967
528174060,261114.7113218772
528218090,177749.82919164438
528220040,216327.8801189192
528228295,186007.1747545852
528235010,211876.20915814134
528240060,194725.8924245558
528250020,215606.86244177568
528250040,200758.15743773646
528275070,250490.2951185478
528280230,246587.24851732032
528290030,187076.65607714554
528290120,179937.99459999404
528290180,183029.9023641544
528292030,267587.6664723924
528292070,252485.9666395947
528294050,139991.76662571635
528344040,322451.4593674687
528365070,353117.5907859327
528431020,211979.29651136097
528435050,252620.13128981384
528439060,242483.1583958165
528441020,241973.76168506924
528441090,369280.117142772
528456180,220051.41468901123
528456220,188869.77375436382
528458060,180135.76896123856
528458180,206350.30363532016
528477070,237008.20019538392
528480040,231984.1451906165
528480130,206977.29062683234
528482040,241669.2947915605
528490070,217823.11250159523
531363050,135489.3012393024
531375040,155406.16103665676
531375130,157155.6475420838
531376090,190052.33414731908
531379050,253937.4401626779
531385020,203544.97476814536
532353020,128323.94023271518
532354230,104504.1538080986
532377130,145348.944392404
532478020,240652.18928606616
533213020,174590.55016282742
533213040,131785.20045509445
533236050,170912.25710437138
533252040,291360.68198425043
534127130,150809.19035747618
534127170,170951.00884817488
534128020,210994.5160502224
534129080,215824.65409530088
534152120,169758.24874855438
534175080,214540.39474342542
534177230,211037.2480220273
534200030,111060.42670456738
534226120,111701.34216785582
534251030,179497.94093003758
534252240,157709.42477452962
534275060,122277.49772069367
534275100,104971.34408428654
534276040,91818.18194355955
534400290,161363.9953772992
534451110,151862.51155470574
534475185,158373.54499795986
534476320,106831.2954242478
535126010,208213.82430245786
535154130,168914.26605503215
535175030,160113.69701058246
535175050,95630.54616537184
535178040,114407.84774003069
535179160,135044.40493963048
535301170,129401.56615424211
535303150,138062.73749698896
535325290,119326.77517619774
535354070,121418.86168566765
535375050,178181.16049564426
535381040,201488.33660955314
535383060,134635.7003481039
535403190,145677.89545073346
535450160,61637.55069211236
535453200,137930.04956775074
535475010,149303.9159842813
535476110,130478.08958328226
902105060,155318.2343376421
902106010,143032.8518792064
902109130,201151.95662217523
902134120,127861.59495336507
902135020,139048.92011384142
902201110,128375.27774399947
902300090,134572.8035864553
902301060,175144.3694317132
902327070,191748.40663781617
902329080,140538.12176549187
902330040,184437.54878092697
902401130,141276.8672180071
902402150,91384.75173738667
902405100,166296.2048081209
902406070,125999.69441367987
902477120,35805.77091736298
903201020,122431.81390013208
903202170,165589.03394300933
903226130,134664.13960386493
903230100,128298.96314668114
903231010,133024.02008245152
903236040,106497.12628451327
903400220,160810.87083782794
903427120,141088.33143190033
903475100,141296.4787568078
903476090,127687.85832912882
904100190,117707.48862091822
904301070,157628.62551365397
904301375,171824.18975500873
904351200,122167.83724752316
905200260,145466.2277991238
905200350,148047.28306460613
905325020,235105.85404101695
905451300,111806.11170538745
905452040,171836.47607986553
905475160,142086.6158632656
905478030,163657.474656743
905480030,124462.40309706083
906201050,179329.99014748953
906223210,238328.1024891034
906226060,182142.379195504
906226080,152643.4122282795
906226090,151492.68117794578
906226140,115839.09053054138
906340100,315380.34652907774
906378110,212426.4223435287
906380060,274922.78408655134
906380100,232901.26418166579
906380220,209841.78099531325
906392130,211173.5574231823
907126050,131771.5321350899
907131090,249224.48351535795
907131190,180934.96976038697
907135040,122857.83828251995
907135170,121179.76201412379
907185050,191574.77179309062
907192030,191647.51507322572
907194110,180697.54282704293
907196060,196281.44769187283
907202130,184002.75511676702
907227080,114608.2684161627
907227110,107331.05165858343
907252060,258737.4184314891
907252220,259640.5568067273
907265010,203910.39924447233
907275090,220028.5000206323
907285020,207502.2718709146
907285050,199702.77508661622
907290070,162877.13442410753
907412020,198407.20187924354
907414080,196855.7514224809
908102050,109833.76004305077
908152100,122870.24319515165
908154040,309157.1867346334
908225370,96449.5898853782
908229020,108493.56610618798
908275040,134531.48712136026
908275110,134028.98662209423
909101010,107214.80006392568
909101140,143281.86932452154
909129090,103585.21970594036
909179020,272599.1059414248
909251170,188875.31665730354
909253180,161347.7590121273
909279010,215503.5538589867
909282130,136277.57445931184
909427200,125483.18182370525
909451040,78387.48103217268
909451140,108621.06373305252
909451180,118084.54473948649
909452050,193741.02023113356
910204050,172929.69388028834
911104060,44588.76122517834
914475010,137793.09160175052
914475030,177651.6923918101
914476020,156572.48572306387
916386140,220776.11137451488
916403010,199508.5549955985
916403250,205442.44562175623
916460110,198741.50846418127
916475040,328793.5044737671
923203110,140305.76723511456
923225360,112229.82735979691
923225490,115050.82881945753
923227080,171810.4711535293
923275040,165074.75227697758
923276260,150580.3167808227
923400025,175536.81387017446
526351030,240230.2997058803
526353050,234420.80611160625
526354070,235172.71806160826
527106150,203682.34915831377
527127140,287067.4718709639
527140090,230724.62133402535
527145090,207703.47835373692
527165010,197120.04623560992
527183060,255339.91939739563
527214030,375671.1943638887
527226020,142884.78531460697
527252080,335960.4540701964
527302050,174516.15254059655
527357110,110673.2504248492
527380240,271256.7952241917
527402060,150708.4126506911
527450110,83695.60814232513
527450520,79552.43365241791
527451060,75513.5585298196
527451290,74747.81211625069
527451400,81839.59741002468
527451550,106219.54164877324
527452150,103824.03487611684
527455270,96190.6114942527
528104080,442214.71394737734
528110110,384467.2443826045
528118030,348868.00635389576
528142020,351298.02088051673
528166120,380293.08320088073
528178090,344672.1344450683
528186080,327473.08648074395
528228345,190753.6640683193
528228445,164793.77957594616
528235120,175905.14304925437
528240050,211224.2843978959
528280130,189503.6091116864
528326030,320164.98397336144
528363020,320879.24331514485
528363110,315781.46247099165
528387050,294592.0544366155
528431080,210785.9456816871
528431120,244999.15054735483
528458050,200387.01025583694
528462040,200717.75932377973
528478030,237803.89209092403
528478040,230706.40302252286
528490080,206367.76759715565
531363060,142532.04772217167
531373060,211429.1366703147
531375120,147066.43256953044
531376010,196635.33655414562
531382110,215828.62964946433
531382120,206609.33896476563
531450030,217176.22201037564
531450170,214285.25684307434
531452140,153277.84751026583
532351050,120765.0731163131
532353050,127619.40660524441
532376170,90150.2471122581
533206050,172587.31491882016
533208080,145433.035978997
533212050,156333.63068314455
533212140,116686.0598316695
533212150,118223.7927833276
533215020,236206.7299325348
533215070,227851.0435569872
533215080,227353.4344452967
533217050,166789.12254098046
533234020,192081.40921657084
533350090,295739.80582303216
534126090,167110.8493660948
534127230,160585.53043971886
534128050,156804.10364558973
534129060,196135.96059000352
534175140,147872.02862538595
534202130,123703.02495186566
534225110,151510.96695487964
534225120,155476.76831863768
534250010,143277.6021668
534403100,147614.91599111917
534428020,141721.9181193767
534428100,140999.21729550764
534453140,105817.3276443427
534477090,163061.53801893519
535105030,117709.50121388734
535126140,218313.32331683935
535150210,130988.97378648433
535151160,131255.80695422448
535179060,157938.56418765627
535302140,112615.57898726084
535305160,70446.12277100224
535327230,144290.19070293894
535375160,113798.64211846938
535402120,164781.39393471117
535451010,145206.3113866979
535451050,98917.78162931884
535451230,80330.44354550992
535453210,150472.92481949294
535455080,112886.76427763992
535455090,123871.79420218332
535456100,89034.45828916911
535475020,177160.08359939134
535476370,180614.59879886382
535477090,116537.69083886521
902100030,76620.26025828057
902103150,113834.56370561139
902105010,77256.53785054156
902105020,270369.66488412063
902105130,98905.46144659256
902107030,154210.8638595749
902306120,172116.9530344557
902306130,139893.21464792688
902406020,123542.18817611702
902427150,106479.23194888947
903201030,143383.9036517816
903204095,83780.28476095636
903206070,171633.8859469262
903225160,112286.98543172865
903226060,183984.93936694175
903226150,79626.11824724372
903228040,143218.4469406495
903230110,160295.4916476843
903232030,46345.94521373872
903234090,161962.2454717178
903400180,175598.29017031525
903401020,171530.8892726035
903453050,115537.46576740366
903454100,186868.28203838767
903455030,103425.67397787169
903455140,100284.15679912668
903456130,148376.85082958918
903484020,127180.68861714122
904100160,143627.7126097741
905104080,74977.28156902772
905202230,185398.75397088839
905300020,136497.06736656593
905401045,199883.27480670594
905426030,198293.0839938827
905452120,132867.34776523066
905477050,150985.06164436715
905479110,114191.94449877858
906223140,249486.26464998152
906380030,228530.56602291012
906412010,267011.5192971987
906420130,253168.4647065766
906424010,218152.36404170108
907135260,127281.57139000739
907192130,217983.40688767552
907196050,233524.2176719933
907201060,145015.8765218573
907227300,124558.12913107497
907251090,247357.7140086753
907255020,233194.87370928476
907255060,260713.8722258201
907285080,228768.9184595039
907290150,141118.34195626937
907295020,207689.11247104523
907405020,221432.52052229253
907418010,198020.15547668433
908103280,113745.5942183652
908128050,163857.39058152644
908151040,154387.55777006515
908186040,106184.91020133079
908201120,128244.29813771058
908225170,102293.14132426247
908250040,95248.02836177472
909101180,123690.1685023003
909131170,143232.1849301782
909250230,185726.18050995428
909275050,156014.4719630436
909276170,169280.82361252187
909281110,169555.45582413237
909425085,215015.72673422802
909428190,211984.38057115232
909451150,167014.33055377455
910200080,100917.75529669531
911102090,92306.37069119298
911102170,87220.12587631254
911370490,321719.4463543642
914476010,159909.517692581
914476450,203699.58041742025
916125425,235513.9930312314
916380060,242243.09942386916
916403230,198693.89566050022
916460060,241716.30492667225
916477020,279451.6670416609
921126030,260650.20564135932
923202005,141582.76122867662
923203140,139324.01637100024
923225080,102616.468334278
923225370,118301.48687489303
923252100,97446.29300468329
923277040,97525.27709590492
923426010,112133.69400578312
924100020,227043.99139049876
526352080,170905.96602680522
526352090,142484.03612346493
527110120,190098.06662068283
527158090,178211.00359591254
527162090,135037.78594627418
527163080,147231.0400782968
527165100,163096.41006689885
527175130,118681.2417299856
527182170,265685.71353367344
527184020,217750.3109161068
527210060,324035.0241597569
527226040,174246.13943933364
527252050,289281.4675271819
527252070,288181.22745565034
527301080,203474.61939513282
527302090,199779.11797594058
527325110,188160.88495770737
527328020,163569.08496263996
527359010,205455.47496455413
527359080,185944.6089299493
527402240,165712.61892545666
527404100,117750.74961148945
527425140,109922.12782034863
527450220,107864.9536536991
527451170,106556.99657346931
527455030,113520.5744808114
527455250,120437.6254241661
528102120,287966.3674204593
528104010,344723.9510088908
528106040,396690.8314572331
528108160,291054.7211162224
528110070,299428.32402904605
528110100,387124.85744101595
528112150,255319.98451683426
528118040,378676.48213112407
528120150,330322.33154943713
528144050,324918.1897737512
528150040,372519.43291474396
528168040,303768.35830961104
528172050,264130.97250536963
528172075,262112.34611874388
528174010,250004.70290229825
528181080,218410.41728073102
528186050,316053.2052919664
528186090,309677.56060353306
528186120,325582.50991907646
528188160,230367.67751881492
528218020,193853.03003138246
528222060,215681.18732560606
528222090,174201.90212070203
528231010,233850.06657743233
528235000,197720.96274497872
528235160,247023.95713689295
528235170,237153.27481549483
528290170,194549.11250309553
528320050,478770.1848547538
528327060,419928.81635573425
528354110,312329.02004828054
528429090,289861.94709993736
528431030,207578.77632125467
528431040,357063.88278636
528431110,257956.56398586003
528435070,214790.08714017674
528445020,207444.73478601896
528456190,195278.72080996248
528456230,185670.044258453
528458080,241579.5498974906
528458130,325246.7103890848
528477020,226329.5189430365
528482010,236009.30226573528
528482090,275865.81649184
531375140,166245.0108607679
531451150,99245.15977768679
532378240,111961.81460879164
532479050,165105.89417872677
533120030,360547.4251562934
533130170,346720.8176354179
533208040,172045.80569889338
533208070,155352.465135922
533213130,157471.0644459623
533236040,156520.19995135177
533242090,269050.73202508595
533250190,213682.73901675222
533251110,268970.3513893544
533251130,196217.03068490425
533254130,186018.27736514353
534104090,237968.30229996244
534125120,134607.82110104765
534178010,137140.83020269775
534201040,141477.1770092173
534202030,151078.35900476377
534252110,124222.06382420275
534275170,119519.7542716955
534276180,118395.20567018782
534278170,123126.46376301293
534278190,94642.02347299061
534403290,206384.04173317086
534403420,150271.22588674742
534425080,167000.1945922394
534429030,105595.12061263731
534431020,97716.50327881942
534450090,88490.66307287019
534453080,110705.53737099169
534475170,170505.3618539652
534478140,155156.1913636315
534479120,154297.47141934882
535101150,135351.43835632622
535105110,158947.96268679367
535106180,145321.43787083807
535151100,131849.914197736
535151110,137393.36467620073
535152060,114023.09147859123
535177110,162267.27826484118
535181030,186003.8089321562
535181140,170696.15836456825
535302070,108062.88929477628
535327200,106499.43350361037
535353160,188215.32942428725
535354050,122309.31986580526
535375130,105486.68615220828
535378080,143662.13479351948
535379110,153022.10613576547
535382150,86914.41525877394
535450220,111463.6776157111
535451040,112031.4540274507
535451110,123420.01429760469
535452060,101027.2142675945
535453080,133443.1385373244
535476360,211045.32968560155
535477130,171872.67934631516
535478040,137222.56456485845
902105110,92291.30440653868
902106070,117829.4280984459
902110010,100953.83853451815
902202070,113462.54838808227
902301030,139914.70241443857
902305010,116097.21504450665
902408080,184923.49637936353
902427040,121726.64151007087
902427180,116386.01626470906
903225040,142386.45880066993
903231180,130270.34927419962
903232100,139489.27140671987
903426010,134186.58375690208
903453080,215934.07590879442
903454010,121867.6845790084
903454090,149698.51711754003
903458060,125200.0902279257
903476100,106853.53348192494
904101070,284953.42822712095
904301110,105855.24767501894
904302010,135181.05059175193
905100080,173781.58238597104
905102010,156206.77617106424
905103110,144544.9404317726
905105040,111658.29457414566
905107140,131455.187079618
905201080,173723.61901875562
905226080,158740.69662485438
905226170,148428.64833988994
905301050,248777.03345681273
905376090,153164.81745613168
905478140,162543.25327334687
905478220,152433.05376836058
905480090,139065.92166239177
906201022,225940.5662951906
906201023,265217.06591913814
906201200,295591.2192817278
906380040,240806.19725370937
906380120,194046.92561524524
906380160,184866.8450078967
906394050,196029.341650208
907125040,135902.72420328314
907125120,117783.23506288702
907135180,128773.88303180982
907180040,195906.37520062056
907187040,237534.42871510098
907192120,223030.3110053696
907192150,186842.67176737526
907202220,114484.58303978053
907203060,105280.42354821018
907260040,189371.1799655846
907275080,225505.2784362032
907290140,141118.34195626937
907295040,220198.35411871778
907410020,191833.21651904832
907414060,195238.53907961294
907420060,189302.6256642514
908102100,143242.75019209142
908127070,105079.44741117602
908152070,135374.70302496996
908152280,147634.2110219895
908154205,536471.5560483409
908225240,109916.78195582161
908225310,67303.25351830319
908226180,106746.9895620489
908250100,88109.56214663565
908275090,111538.89162236068
909252010,209467.78944660292
909252170,119657.93507157898
909275110,163998.31073209172
909276210,184631.0509807876
909281020,124538.23344884091
909428180,141399.9714336992
909455060,139127.37174185223
910201020,102641.5995182409
910201180,170506.5503070858
910205130,150323.061775542
910206010,68542.29210247034
911128010,97511.4957007569
911370460,228760.57783359353
914452090,195842.62582759478
914452190,124736.97946445507
916384070,264433.6985667872
916384150,231764.31519035634
916403040,171849.17542236717
916455010,236042.6488976034
916455150,278530.6054800354
916460020,202364.24877871101
917425190,163456.69477571675
921205070,265346.7615666308
923202134,145264.07236674638
923202220,145531.06041685317
923204140,162179.67025890402
923225050,135871.3074402697
923228220,93547.0527656693
923229010,164336.3428120251
923230180,126589.65345041789
923251160,120793.12265132753
526302040,124879.1163476782
527108020,221971.35821569775
527166030,170350.03481424414
527182020,162062.2489767045
527190220,306151.31560514425
527210040,490795.4617268714
527210050,341642.3602467275
527216050,427896.04900446144
527252090,278250.92433644156
527254070,301567.762649818
527327080,196636.88296246086
527356020,286098.39057692816
527375160,173445.542632322
527376110,181930.90949716064
527402210,115394.36696482825
527403120,111015.16256969134
527427210,180818.87502675835
527450080,102699.0768241889
527452290,165501.1381006408
527453070,121346.90148598219
527455100,150781.17645856246
528106010,317081.8672850478
528106120,267175.55741778534
528116030,311997.3669671856
528118010,350848.4968093459
528120140,390228.18926059006
528142070,372977.22620877385
528144030,302757.0686164104
528150080,362945.1509712188
528172020,312665.4815560455
528181030,222934.77985129063
528181040,222934.77985129063
528186110,303224.0442781236
528218060,198536.45457969783
528218080,188255.69245247752
528218140,250660.18076348642
528221010,206447.14166420716
528222020,193584.13621918898
528228360,201137.903617938
528228565,189229.9485694737
528231050,218496.00544076518
528240080,219362.6003683812
528275060,173345.86965405743
528275080,203759.34324691637
528280100,217497.7473803304
528290140,193305.56140855077
528294070,241059.6378674282
528315070,304442.5822708995
528320060,431168.6728231635
528358030,349715.79475651897
528365090,315378.1836553445
531375070,126370.70857676829
531375100,171185.15599992516
531450040,201570.64224808133
531452100,153554.51555083354
532353180,162895.17693801102
532376180,117184.0980190421
532476050,298298.63955712004
533110130,293233.62576995924
533128030,313477.48653188924
533128090,270447.123615727
533212100,114035.426999815
533212110,144561.17028159028
533223080,179909.61243424693
533241010,204594.09491061536
533242030,204180.90865767456
533252020,194291.45973889058
533253090,174408.10011046662
533253160,176538.42147368775
533350050,264286.31872813514
534127190,220947.42782350385
534129230,163708.683898915
534176250,126129.69187100083
534201280,150729.57856447576
534202180,141136.8728343276
534250300,193721.28743422852
534276230,144915.11412785866
534403280,150287.95477606484
534403440,148780.84797954385
534453150,152473.4187663815
534479240,137403.40464336186
535125060,204759.1680417548
535150240,92363.36936661051
535150300,295323.75704929116
535151130,125032.89583538903
535178100,157621.10873028333
535179050,123688.6989529558
535301150,102895.38549304273
535304020,117271.61868906577
535305120,156512.0891839425
535325460,198474.33258209558
535353180,245769.57785274135
535354130,125400.74630974457
535355100,158879.3523734164
535380130,155812.16094838615
535381060,104217.24959991899
535402100,147306.95313235282
535403150,157176.54274865187
535404080,105341.07853928304
535425040,171959.0245203714
535451190,84361.84021240546
535454030,66026.6279715485
535478010,136092.052214105
902100130,83042.82727175042
902104020,134979.07537833863
902106040,157676.47201689112
902110120,184393.87221133756
902128100,124383.86265520286
902325050,154153.01783298852
902325160,112024.0147357861
902329070,85134.40816918982
902329090,179541.533033723
902456015,127120.94756675643
903200050,62031.44804709642
903231190,132543.81257633076
903232170,76838.15561439835
903235020,75320.65769282791
903236200,93438.28067547776
903400030,78227.18575406368
903455090,138420.0899957603
904100090,164432.72845342325
905100030,140383.11725104763
905200380,104063.43846663844
905201090,169493.15902738908
905351045,212802.12026608753
905426100,215122.40388718585
905451050,143442.51357773016
905452150,154799.9594423225
906204180,270817.18265017093
906223180,228884.96332117316
906225180,207229.20401446498
906380150,172899.61194455985
906392120,257885.14311862196
906394010,228603.8913012278
907125020,151659.0270998858
907175030,220712.5698886087
907187010,236912.88310909778
907192010,228151.333843955
907194130,199930.10309749324
907201160,167005.2498163354
907203010,104031.2653732899
907227090,100648.61837925337
907230240,135166.89391522013
907290080,225767.26095104363
907290260,248293.2214443831
907410100,205578.2103432165
907410110,222309.93562838616
908102320,171566.2587093333
908103320,96103.73020567725
908127050,134147.97850653745
908186090,118074.64420301434
908188120,149584.68653107632
908188130,149584.68653107632
908227040,89323.74929924299
908228040,140891.15552737165
909101050,124721.06729695649
909101190,179347.80171741854
909201180,122732.61016987238
909250200,144741.49598435048
909254070,180978.16574718722
909275250,109531.66171140986
909281010,220375.46560642036
909425120,182166.83770342648
910203230,86589.9548500416
910207110,57334.970063802866
910226060,160652.40042226843
913350030,226456.4425002829
914452060,146797.15929482252
914474020,196847.33072331018
914476050,117094.39792610396
914476500,159167.63849353892
916402125,162472.51133991062
916403020,185404.0299424908
916475100,261616.0359969003
916477010,282860.6717482156
923125030,125966.67827400527
923203090,147314.89755111642
923205120,96352.83236553831
923225240,135598.83468362098
923227100,178015.8336839119
923228310,56889.89979142349
923229110,167665.2227833587
923250060,173218.5025990978
924100070,205329.8871133363
