PID,SalePrice
527127150,223701.45010440724
527162130,169911.74386631174
527163010,177598.0852965227
527182190,250346.22498429706
527216070,481980.4551547952
527358140,214156.26831968455
527402200,134849.2601622697
527402250,144897.97414969714
527425090,121965.09666320571
528181050,228157.4491020557
528218150,177802.6621500532
528240070,238527.2732572959
528250100,161453.99080876546
528358010,270317.95612523216
528382030,239553.424495405
528445060,195860.96393791484
531367050,245953.00490908534
531369060,210714.74940353428
532351140,152261.9568250293
532354090,150562.76381677281
532376160,127573.85919458234
532479070,169720.60812444158
533212060,159005.7735514081
533221090,179291.6069437756
533238045,230758.06970272926
533244030,238062.38711050907
533352170,186373.32925566036
534152050,201339.771807649
534152070,240180.6185722681
534202160,126892.50566284504
534251320,164207.4938818685
534276360,151362.9845656411
534425310,103720.06193907556
534427010,159791.13120868953
534431050,243570.85987197916
534431070,166803.05822352477
534479320,136949.60276824035
535106190,170330.47098021867
535152250,129726.9478810133
535302080,129201.17232325714
535350030,128445.23907410524
535350040,120248.46835351498
535454070,148348.72543828652
535457090,137267.0463633713
902102100,176070.8933883519
902104060,78199.20046354471
902110090,169387.49884654197
902125080,163866.73253752652
902206040,143334.01529403302
902207140,74835.35592727382
902402010,131136.74347484251
902402250,175014.74269263068
903206120,194716.28876606302
903226160,97777.75382087329
903425110,153301.74092046326
903430080,102466.20716337355
903450110,146605.43708775679
903454060,122087.39322562626
903476030,167849.1917812213
904100140,215019.7899989037
904302260,165794.3587641044
904352190,196450.01808219583
905105200,131193.54642305244
905106140,140446.98984671725
905109130,283818.46978883544
905109170,226495.5634843226
905325030,241663.3482627816
905352140,256191.76514156107
905451320,145956.5197324068
905475510,143653.83517095665
906201120,227560.66461838046
906223090,239587.79345105842
906380190,203488.14672348683
906385020,174180.0767128424
906402200,315666.94481783535
907200280,166001.8858698345
907203070,130888.87389413799
907250030,253096.0891065771
907290040,172041.73151472895
907290170,141154.56466889236
907414030,204339.64664519596
908102060,46554.5243790697
908102110,90847.37590647131
908103350,145587.52776292403
908226130,102757.55280637475
909100080,147931.1604973144
909101070,46657.801975715076
909250060,222983.27918515785
909428280,271034.5368262406
909452114,183014.96333830443
909455030,175168.79619483752
911204090,141261.29651882857
911370510,255566.79675411235
914478110,188339.65286910027
916386020,177893.807506015
916386060,149269.9362653113
916386090,260849.02740850972
923205015,156788.06701807084
923230190,109864.8244776413
527105070,187098.52149000336
527105130,269102.1136455991
527131030,276342.22449034115
527146010,250123.1616991139
527180100,155652.00349436761
527276160,217204.2515320004
527301320,282996.1447622179
527352150,181133.75352409526
527375180,149645.84593992063
527376100,151326.80669093414
527378140,174085.70697256847
527405180,104847.49499757915
527425110,101535.70978437735
527450280,94211.30533873098
527453060,150596.4481639524
527453140,137765.8833294951
527455050,154681.57662054707
527455080,166328.93056521052
527455090,81517.06761382568
527455280,157183.99582005382
528102040,363966.05681141745
528102140,420508.4892236006
528108040,368446.1782236409
528112040,326121.86685029336
528116010,306223.35697423265
528118060,365562.87326861196
528120030,364679.0507897249
528138010,356184.4448782215
528142040,328805.3877223179
528142090,309367.0195568777
528142130,268875.35828473046
528168030,310963.9365625019
528174050,247307.8871378975
528174060,259999.19247714983
528218090,177118.612142501
528220040,216108.78674490078
528228295,186161.85033520136
528235010,211541.7889887331
528240060,194386.07477714983
528250020,215320.0728624679
528250040,200485.1071072842
528275070,251126.58325535114
528280230,246827.96947552098
528290030,187037.87780435395
528290120,179767.08716607385
528290180,182812.82804529197
528292030,268166.7530725838
528292070,252852.8122678588
528294050,139302.35468546127
528344040,321671.66257078736
528365070,352157.91173755005
528431020,212699.94269534474
528435050,253230.27520888252
528439060,243270.6001215213
528441020,242573.49181229007
528441090,370952.24894213374
528456180,220222.63103707938
528456220,188735.6672968648
528458060,180072.94461375405
528458180,206355.3269437454
528477070,236938.1774552009
528480040,231951.66708985379
528480130,207047.73702054372
528482040,241979.30136094964
528490070,217837.4965155722
531363050,135756.34377649153
531375040,155557.22905477197
531375130,157381.59652899764
531376090,190335.97861082683
531379050,254523.27557955807
531385020,204021.84255428746
532353020,128062.55856990478
532354230,104173.6942260005
532377130,145333.44870703004
532478020,240668.2514655058
533213020,174360.27336755052
533213040,131415.9808883564
533236050,170915.0802573115
533252040,291419.12180368014
534127130,150255.64736852178
534127170,170740.52837898163
534128020,211308.94122355315
534129080,215983.5012289487
534152120,169591.98991914417
534175080,214767.4038817244
534177230,211287.86090516776
534200030,110574.07985030573
534226120,111474.065390259
534251030,179168.60809482168
534252240,157216.28811462794
534275060,123275.56455238964
534275100,104774.75474715547
534276040,91383.22968634422
534400290,161090.25854262692
534451110,151174.8227434616
534475185,158308.09684624072
534476320,106448.73200428687
535126010,208157.90530858067
535154130,168461.90089615248
535175030,159282.97280558688
535175050,94727.61539583231
535178040,114360.8739318978
535179160,134359.45990724541
535301170,128893.69679936483
535303150,137756.70091698048
535325290,118932.82252121237
535354070,121224.00054911568
535375050,178570.76881359285
535381040,201679.98208607285
535383060,134720.53912023662
535403190,145184.01831390592
535450160,61276.11205065108
535453200,137640.49655336246
535475010,149055.0296932827
535476110,130154.77736113341
902105060,155289.59090304322
902106010,142643.51625825753
902109130,202393.9002628716
902134120,128841.93414766496
902135020,138860.1443667948
902201110,128145.89505319741
902300090,134512.65878353838
902301060,175206.40524217894
902327070,192637.61497508915
902329080,140337.5425235089
902330040,184332.7373632286
902401130,141622.11624482612
902402150,91550.60510376155
902405100,166950.5399372744
902406070,126121.43819695806
902477120,35000.86800506404
903201020,122414.85181633983
903202170,165214.1100113733
903226130,134639.9881166148
903230100,128234.16527161998
903231010,132571.71537168638
903236040,105577.59714734058
903400220,161327.66362510476
903427120,140898.49934128404
903475100,141196.21906663815
903476090,127933.22950796108
904100190,117662.47890076983
904301070,156587.7693914259
904301375,170994.07497164898
904351200,121820.13121136616
905200260,144913.57975475883
905200350,148001.1864441586
905325020,234394.39549020297
905451300,110942.20927722257
905452040,171788.86945717747
905475160,141333.01834886728
905478030,163375.48439137597
905480030,124068.62229952795
906201050,180642.45803771127
906223210,239066.26667154644
906226060,182267.3456409471
906226080,152483.78206162713
906226090,151811.81828275573
906226140,115675.49447830026
906340100,316069.6644763079
906378110,212325.85210381457
906380060,275519.3757353307
906380100,233824.03001593112
906380220,209823.85108964838
906392130,210833.55229055343
907126050,130896.98546449615
907131090,249465.36573568717
907131190,180972.16643261016
907135040,122586.94220487376
907135170,120704.98851924713
907185050,191357.457063462
907192030,191493.51736740937
907194110,180694.962111074
907196060,196363.91662695105
907202130,183724.73887553607
907227080,113897.42601015157
907227110,106521.12207761954
907252060,258909.80020358175
907252220,260063.79614931982
907265010,204072.02381829504
907275090,219993.5844278479
907285020,207781.0842195152
907285050,199582.31284187984
907290070,162674.13204239527
907412020,198434.38551051938
907414080,196735.01999710134
908102050,109292.07768740194
908152100,122934.69976779589
908154040,309754.24323106883
908225370,96054.23883812627
908229020,108253.3501022578
908275040,134094.71284779478
908275110,133619.69607721153
909101010,106542.8875842875
909101140,142956.46756900533
909129090,102615.86596834759
909179020,273746.28351521515
909251170,189177.1574193846
909253180,160965.53964651184
909279010,215824.7076451158
909282130,135504.77376961597
909427200,124821.24520332583
909451040,77536.80516521458
909451140,108092.17227266222
909451180,117941.59360996651
909452050,193267.8188029853
910204050,174140.76748515415
911104060,43428.40176589906
914475010,137371.5897103119
914475030,177788.96964088245
914476020,156822.59952898347
916386140,221562.1320087656
916403010,199800.21998612204
916403250,205869.31104345524
916460110,199585.8764393662
916475040,329778.9392484604
923203110,140693.26257060783
923225360,111987.85633938161
923225490,114451.15994325072
923227080,172824.60887299824
923275040,164900.7018934556
923276260,150593.66241905812
923400025,175897.24949055506
526351030,240206.73103544733
526353050,234991.7491333335
526354070,235635.78931411565
527106150,203531.74822742463
527127140,286788.1130797809
527140090,229463.6109349511
527145090,206609.07704110013
527165010,197246.9299636606
527183060,253791.91842008205
527214030,375115.4844978661
527226020,142624.00574905047
527252080,335335.6222580524
527302050,174433.0643454317
527357110,110183.9466411481
527380240,271738.4593215961
527402060,150678.65199066384
527450110,82821.90876303703
527450520,78878.88279241956
527451060,74641.30117626989
527451290,74496.399755449
527451400,81281.93352464741
527451550,105464.92820048507
527452150,104174.63692205094
527455270,95477.69087047646
528104080,442270.6398188367
528110110,377712.3852309539
528118030,348911.3774774496
528142020,350337.0493955638
528166120,380234.32733055076
528178090,344227.4404477644
528186080,319971.7024567736
528228345,190687.8114496509
528228445,164466.65297055757
528235120,175524.1277664006
528240050,211062.0612409321
528280130,189180.4389057918
528326030,319286.40822738013
528363020,320196.19034825324
528363110,314805.72911414015
528387050,293497.243165324
528431080,211641.99081054993
528431120,245372.52754950742
528458050,200578.02688562166
528462040,200927.68679839838
528478030,237864.49195580356
528478040,230667.54193402326
528490080,206447.70749168895
531363060,142750.80437804872
531373060,211770.3414090036
531375120,147437.95933331695
531376010,196952.15794068994
531382110,216225.2033422931
531382120,207619.79692117608
531450030,217633.20782066777
531450170,214822.85375928896
531452140,153778.4680819346
532351050,120141.65909577085
532353050,127337.40160887691
532376170,90341.91635713211
533206050,172782.45813524368
533208080,145031.95605098494
533212050,155931.84902313916
533212140,116537.60214125439
533212150,118118.50069623016
533215020,236807.6396113534
533215070,228365.05750626343
533215080,228252.2448127187
533217050,166348.5753157273
533234020,191700.30313861714
533350090,296639.53436619975
534126090,166739.79698224505
534127230,160740.0963116372
534128050,156977.85690748022
534129060,196562.09605313197
534175140,148133.31537316827
534202130,123538.86967073836
534225110,151446.69231367164
534225120,155430.82852409885
534250010,143062.5440926839
534403100,147073.0427060027
534428020,142824.89988182526
534428100,141082.48380025505
534453140,104433.34107617401
534477090,162793.73211587936
535105030,117116.33967663696
535126140,218245.15007709948
535150210,130537.67249331076
535151160,130702.12096721282
535179060,157127.58206205606
535302140,112041.46987230924
535305160,70134.68999366592
535327230,143670.39506227028
535375160,113436.23986160637
535402120,164520.77420034935
535451010,144954.79839036564
535451050,98676.27283820689
535451230,79537.25014883811
535453210,150738.9282475256
535455080,112108.23438919186
535455090,123769.08076820779
535456100,88114.30473915793
535475020,176889.25007558544
535476370,179961.74941083387
535477090,116470.49406693547
902100030,76844.06762082916
902103150,113798.72604400454
902105010,77316.42066215482
902105020,271416.330612169
902105130,98704.80275463329
902107030,154263.98259358437
902306120,172435.62373129203
902306130,139409.20793547644
902406020,123476.83245005664
902427150,106242.27258491315
903201030,143935.91208988838
903204095,82944.67145014755
903206070,171123.36796540004
903225160,111790.79821986092
903226060,184428.2136836333
903226150,78909.97270369167
903228040,143096.0743666496
903230110,159799.09947699157
903232030,45920.10284173074
903234090,162190.98297017015
903400180,175288.31990467402
903401020,171219.3791980361
903453050,115578.76575537864
903454100,186811.04446995273
903455030,102351.76751357783
903455140,99961.95652190036
903456130,147744.5954809122
903484020,127131.54500255658
904100160,143067.67325525588
905104080,74409.91599829744
905202230,185234.88688712614
905300020,136731.2219361444
905401045,199066.89589722824
905426030,198620.19440790097
905452120,131920.71534492684
905477050,150764.67958093935
905479110,114460.0943637871
906223140,250398.08765009439
906380030,228642.39533138328
906412010,268113.3530382727
906420130,254023.7919123822
906424010,218806.1146149481
907135260,127110.39403686921
907192130,217922.41057746767
907196050,233478.84418809455
907201060,143948.09963989776
907227300,124275.12172887161
907251090,247556.71910216945
907255020,233407.13912590852
907255060,261058.6117188522
907285080,228743.11920894452
907290150,141154.56466889236
907295020,207347.00588302186
907405020,221579.68776682118
907418010,198430.678510227
908103280,114078.5804499492
908128050,163399.6792717998
908151040,154278.53539861145
908186040,106058.86211904291
908201120,128912.79520793718
908225170,102330.9424338029
908250040,94331.41487270442
909101180,123776.51583876665
909131170,143897.74240931094
909250230,185813.5811772953
909275050,154699.27167011582
909276170,168427.68738779175
909281110,168682.59482913837
909425085,215041.8886530964
909428190,211892.6990322869
909451150,166734.69166158926
910200080,100118.9378867829
911102090,91944.409386276
911102170,86271.41390501565
911370490,322233.6858687154
914476010,160065.83145746106
914476450,203981.3206422848
916125425,244247.8980272281
916380060,243189.8985453868
916403230,199503.42732666264
916460060,242698.36786115658
916477020,280298.99952573876
921126030,261262.77099493903
923202005,141283.6651070246
923203140,139698.97734067764
923225080,102916.721567139
923225370,119449.90399083757
923252100,96890.64499210115
923277040,96732.79525204406
923426010,111832.05267881606
924100020,228318.03755810467
526352080,170542.06611131201
526352090,143287.51261609682
527110120,189865.12206501525
527158090,177924.93571278788
527162090,134291.85729234602
527163080,146998.70836056038
527165100,162625.08031480495
527175130,127253.08860353146
527182170,264789.8614173597
527184020,216395.58487368596
527210060,323532.894973189
527226040,174173.3613844002
527252050,288760.5419408963
527252070,286885.00903598766
527301080,203675.9200917444
527302090,200026.62932785146
527325110,187931.92806149082
527328020,163084.42520672228
527359010,205150.93853596805
527359080,185800.6096400909
527402240,165712.54997925338
527404100,117442.29088871145
527425140,109601.49951888007
527450220,107869.97322006278
527451170,106217.9962810927
527455030,113307.66535464706
527455250,119830.22194951515
528102120,287072.15372743417
528104010,337108.02269220026
528106040,389278.08496740833
528108160,289887.52345578675
528110070,298322.23081099906
528110100,386560.9954432942
528112150,254044.4524903996
528118040,371794.3184363133
528120150,329670.8659302249
528144050,324654.1361361345
528150040,371465.10524884844
528168040,303002.8040514955
528172050,263012.5713750686
528172075,261047.29740423744
528174010,249153.92842085467
528181080,217069.2471409358
528186050,315153.4594490421
528186090,308737.061446577
528186120,324907.25800442667
528188160,229071.3925347745
528218020,193509.6686632487
528222060,215831.73764404134
528222090,174026.02330062274
528231010,234013.09258016737
528235000,197304.45693443628
528235160,247196.77160071873
528235170,237167.97331979705
528290170,194479.10807647312
528320050,480411.24762151926
528327060,419744.1359249932
528354110,311460.66298606317
528429090,290648.48267440824
528431030,207816.94161738275
528431040,358224.435712325
528431110,258668.3295525771
528435070,215015.50133783196
528445020,208064.08340849803
528456190,195425.41150803643
528456230,185600.18749527
528458080,242012.55796480813
528458130,326484.91165810556
528477020,226828.30717025136
528482010,236017.66196713655
528482090,276249.21263101546
531375140,166396.25921205935
531451150,99049.45686664786
532378240,111590.85999157582
532479050,165246.24512091334
533120030,353420.5624302031
533130170,346655.49317332427
533208040,172160.93948882597
533208070,155000.33962618912
533213130,156841.89475707125
533236040,156097.77606146008
533242090,269266.5998309797
533250190,214336.79392363896
533251110,269872.39145166264
533251130,196810.05945039855
533254130,186495.1225601947
534104090,238075.70026159275
534125120,134268.8953510411
534178010,136867.66078136885
534201040,141363.0067093582
534202030,151127.43677248945
534252110,123638.12820483671
534275170,119117.61998950683
534276180,117770.23868161693
534278170,123274.03808063055
534278190,93945.73268855504
534403290,206457.38777552883
534403420,149991.69559227765
534425080,167044.50631152297
534429030,105027.6753576113
534431020,97167.51780670047
534450090,87301.40441724785
534453080,110487.33076327972
534475170,170196.07629879026
534478140,155309.45292625896
534479120,153783.2196676367
535101150,135152.33674176154
535105110,158251.10124153964
535106180,145096.13462029095
535151100,131707.16966484085
535151110,137363.24183575273
535152060,113539.32151152019
535177110,162410.8816413461
535181030,186111.5362759143
535181140,170748.84659789494
535302070,107728.79767521488
535327200,106093.19723612453
535353160,188351.4584199768
535354050,122099.6243130765
535375130,105151.86918991097
535378080,143952.67199661865
535379110,153002.3947049491
535382150,87261.50507272141
535450220,110491.85656630094
535451040,111694.10136714666
535451110,123210.93674824477
535452060,100720.46375735583
535453080,133375.5645063802
535476360,211321.11543044902
535477130,171729.91705400252
535478040,138085.67174999157
902105110,91940.07006738335
902106070,117617.09068920613
902110010,100172.05530550789
902202070,113458.4917335303
902301030,140153.35629255418
902305010,115140.18625837319
902408080,185407.87519009673
902427040,121890.58276060787
902427180,115983.74788692355
903225040,142311.3041267136
903231180,129981.06540343617
903232100,139248.55199255963
903426010,134516.78608081234
903453080,216116.60718653473
903454010,121599.17378340135
903454090,149284.13336797158
903458060,125030.68822455638
903476100,106533.18238667554
904101070,285681.8196781246
904301110,106294.56129704732
904302010,136003.252862991
905100080,173748.83683297285
905102010,156636.74845336584
905103110,144120.55131153492
905105040,111169.77334858711
905107140,131168.40559008555
905201080,173035.33205252
905226080,158952.15698097326
905226170,147812.97274907844
905301050,248274.7030681609
905376090,152851.14381693053
905478140,162842.93038274525
905478220,152629.45592671313
905480090,138470.63006067363
906201022,226268.88957924498
906201023,265886.89962823514
906201200,296486.26857167704
906380040,240997.06345841996
906380120,193888.79029634566
906380160,184822.56350116362
906394050,195778.82614372947
907125040,135805.9951275829
907125120,117539.231418113
907135180,128511.66124101655
907180040,195995.45520413178
907187040,237900.04543378705
907192120,223157.2309836258
907192150,186667.97573283268
907202220,114094.36111786263
907203060,104397.91074898466
907260040,189003.4068355314
907275080,225821.272482321
907290140,141154.56466889236
907295040,219773.4442178893
907410020,191698.77722289605
907414060,195243.56513437832
907420060,188730.21226757148
908102100,143189.03792260314
908127070,104518.63216210416
908152070,134772.03106675606
908152280,147449.7726368688
908154205,539281.4623863795
908225240,109550.18296967616
908225310,67381.00003658084
908226180,105631.42219342555
908250100,87335.51577995202
908275090,111814.62543862996
909252010,210265.1272003366
909252170,119647.11541480897
909275110,163619.58594163248
909276210,184618.72597883275
909281020,124102.35704622803
909428180,140466.21728722722
909455060,138697.24257332098
910201020,103119.79415127538
910201180,171368.98767601122
910205130,150496.3238916455
910206010,67873.52247960087
911128010,96527.98009510592
911370460,228793.58086524578
914452090,197178.75633421616
914452190,124319.7503082472
916384070,265562.0294528844
916384150,232056.7124460199
916403040,172399.2760597812
916455010,236713.4521360856
916455150,272344.14687907184
916460020,202677.43384988682
917425190,171987.97931810454
921205070,265929.3078805341
923202134,145618.61246755876
923202220,145667.7891972524
923204140,162133.5381431238
923225050,137444.14992627216
923228220,93550.59188138106
923229010,164058.91933362055
923230180,126221.6248449675
923251160,121882.22377365467
526302040,124008.18724696906
527108020,221925.46819209767
527166030,170035.74173105907
527182020,160516.4703753135
527190220,304743.5504490712
527210040,484302.6554443375
527210050,341148.47734913084
527216050,427490.4263162601
527252090,277453.9322556498
527254070,300706.76597065764
527327080,196357.89787595964
527356020,286840.71286866104
527375160,173004.74457428846
527376110,181902.99333829305
527402210,115435.21501714876
527403120,110639.61350738097
527427210,181023.88697934366
527450080,102738.51807816356
527452290,165357.8413947081
527453070,120964.08987720068
527455100,150834.79151368735
528106010,316771.27643774555
528106120,265851.2227546693
528116030,311126.00798866025
528118010,350089.9011930763
528120140,389376.0228689377
528142070,372727.59135066404
528144030,301961.9059632246
528150080,361894.28330279794
528172020,311710.9700390419
528181030,221602.75022552256
528181040,221602.75022552256
528186110,301865.3175119404
528218060,198175.19767882506
528218080,188171.3291229459
528218140,250801.72970436956
528221010,206615.15089717094
528222020,193527.15621348534
528228360,201163.95376235654
528228565,189215.71453760058
528231050,218161.4896453526
528240080,219436.25483760887
528275060,173185.676182133
528275080,204143.8995757202
528280100,217526.61987804508
528290140,193219.68011856152
528294070,241386.77339098146
528315070,296248.38791580405
528320060,431429.46025480574
528358030,342436.5901944876
528365090,314589.40319092805
531375070,126485.14818830694
531375100,171712.3094920104
531450040,202051.65682245354
531452100,153942.81773062798
532353180,162566.51397293195
532376180,117034.84178912088
532476050,298993.99422933627
533110130,292330.3732719172
533128030,312709.2277487955
533128090,269842.3768813668
533212100,113644.3895746023
533212110,144080.93915390075
533223080,179798.56992325926
533241010,204355.816353027
533242030,204062.214184375
533252020,194306.07839398444
533253090,174870.66028914982
533253160,176432.81985493228
533350050,265121.65192191425
534127190,221331.6646243524
534129230,163273.4547452218
534176250,125727.17530428637
534201280,150365.5491851792
534202180,140759.6725352733
534250300,193494.29865019277
534276230,145143.0235696214
534403280,149653.50942200326
534403440,150181.79851874895
534453150,152538.35906538673
534479240,136732.11160408304
535125060,204893.99723840275
535150240,91786.24767936877
535150300,289342.52171370934
535151130,124565.5064114908
535178100,157372.36111866537
535179050,122883.04102103556
535301150,102771.79706083021
535304020,116900.355363373
535305120,156111.3649138814
535325460,198590.85490101302
535353180,245647.12846121663
535354130,125226.77801510773
535355100,159098.04098143097
535380130,156114.72030685958
535381060,103764.31879468533
535402100,146604.9086833852
535403150,157781.7580181413
535404080,104595.7704867409
535425040,171400.17015865905
535451190,83564.57092763315
535454030,65742.02163143309
535478010,135563.22770472715
902100130,83437.6246842745
902104020,135191.57936601926
902106040,157682.33182347222
902110120,185643.82376844872
902128100,124496.75039342241
902325050,155190.4995257604
902325160,112886.89308628875
902329070,85502.07891667241
902329090,180247.57673413167
902456015,126425.51978317105
903200050,61000.7822429846
903231190,132530.22178669483
903232170,76952.88388543174
903235020,74595.3776539914
903236200,92189.84692173882
903400030,76981.75691784198
903455090,138685.4335872636
904100090,164716.7405678041
905100030,141630.98755328887
905200380,104442.25466963252
905201090,168821.3106032145
905351045,212935.71218288178
905426100,214796.12770783185
905451050,135896.7296045844
905452150,154709.89376891835
906204180,272426.8241528056
906223180,229407.68556662722
906225180,207216.56687398686
906380150,173177.7825334092
906392120,258572.36396140448
906394010,228881.0961242549
907125020,151387.29536296183
907175030,220850.54526487237
907187010,237029.18473652928
907192010,228401.28393333752
907194130,199717.69496374758
907201160,166803.74456241608
907203010,103409.78457236224
907227090,100226.93354515183
907230240,134993.66545347465
907290080,226052.9176819842
907290260,248390.0927269058
907410100,205615.5659894229
907410110,222665.00505827018
908102320,171394.03958525968
908103320,95136.11881697222
908127050,134124.8357660338
908186090,117922.05444364256
908188120,149691.57923839364
908188130,149691.57923839364
908227040,88639.4211600094
908228040,140536.6884145405
909101050,124088.61784706949
909101190,179900.49346447238
909201180,123427.61076869251
909250200,145100.76499213456
909254070,180952.55202289746
909275250,108474.4749055043
909281010,220361.4929770517
909425120,183100.7984276134
910203230,86216.77557385256
910207110,57827.451430561814
910226060,160806.6969242164
913350030,226525.23582460228
914452060,146666.7802678361
914474020,197321.49324036675
914476050,116550.74525321745
914476500,159102.57716841262
916402125,162248.77827416366
916403020,185430.17157206254
916475100,262349.10648128705
916477010,283830.2025417085
923125030,124481.94512805196
923203090,147683.2143618817
923205120,96426.16438640433
923225240,135901.61766235146
923227100,177382.6949359025
923228310,56585.45923743135
923229110,167752.8387299985
923250060,172330.2721609301
924100070,205257.7857694971
