PID,SalePrice
527127150,186710.40328168636
527162130,173218.1307306369
527163010,172643.72763889405
527182190,201828.65784213418
527216070,385129.2317096135
527358140,199050.759244038
527402200,142301.61484215836
527402250,143751.67720318848
527425090,108190.52382147864
528181050,194868.0727835689
528218150,162350.1592102185
528240070,217082.67392908645
528250100,166182.0052805778
528358010,237924.01998454396
528382030,206037.51104622777
528445060,183123.8349587746
531367050,222457.64685938085
531369060,193767.80633744114
532351140,150921.4070894718
532354090,139393.43706803647
532376160,122409.04892891034
532479070,166343.80177444895
533212060,162741.5638702009
533221090,174299.89523226683
533238045,207381.83891966112
533244030,228421.68734643306
533352170,171711.88555800373
534152050,198819.1401718252
534152070,218915.2040070747
534202160,127496.27968508324
534251320,154353.703156108
534276360,144050.6891192208
534425310,114779.21718276199
534427010,155463.29273822613
534431050,212706.3565766955
534431070,150698.29680804827
534479320,136735.9820855909
535106190,160115.47452604893
535152250,121799.57346352372
535302080,124852.64725113349
535350030,126031.70878855803
535350040,115925.77638036982
535454070,139929.6860717594
535457090,132412.15146016033
902102100,165582.8280208303
902104060,77363.17124942594
902110090,140479.01546391434
902125080,133316.8735255596
902206040,123622.09654402849
902207140,72635.39273210593
902402010,117722.68083821176
902402250,161919.97923027698
903206120,159330.46961040364
903226160,88396.19372696197
903425110,135085.56109583811
903430080,99715.08255140789
903450110,60190.85400117791
903454060,109585.57940969849
903476030,149605.68705675282
904100140,199093.76059359964
904302260,125208.58953198642
904352190,179814.6485422506
905105200,127620.90216967737
905106140,127189.47120293653
905109130,243204.92684833764
905109170,193405.4240105306
905325030,200540.38432355644
905352140,238344.44257390295
905451320,136421.48723964856
905475510,137401.25194614107
906201120,197174.72377494466
906223090,222536.2879733346
906380190,180152.54855983143
906385020,155849.41572488513
906402200,287957.1093544666
907200280,142724.16939927207
907203070,123831.35965115897
907250030,226440.80205586785
907290040,169030.1052803984
907290170,132606.75860198674
907414030,184359.65611468736
908102060,42325.3662861231
908102110,90446.90956412592
908103350,138368.62980892704
908226130,89471.46078283043
909100080,129269.08287605573
909101070,47367.96000968643
909250060,211100.7347286236
909428280,236091.9931179523
909452114,183802.8564067435
909455030,144614.43704883644
911204090,70520.44753892192
911370510,209564.9080897446
914478110,173585.1703820138
916386020,160472.11834690787
916386060,147226.73009067646
916386090,234698.39208240612
923205015,154359.85169818925
923230190,106825.19998296283
527105070,184636.28591235814
527105130,244549.43312157062
527131030,211206.71844091438
527146010,209482.46873321477
527180100,146320.91216141323
527276160,213900.0004878676
527301320,250532.5612933518
527352150,175844.1219007104
527375180,152752.10643923245
527376100,145509.61715132368
527378140,170403.55744904827
527405180,101659.16943145248
527425110,100163.1906204067
527450280,96539.29597040714
527453060,143345.3525500738
527453140,125561.2322209251
527455050,148571.63891513782
527455080,149205.8550128338
527455090,81257.7394803864
527455280,150681.05307406513
528102040,280186.87830728036
528102140,336990.6480342314
528108040,309054.59079699294
528112040,254239.21894980271
528116010,259699.07243700293
528118060,305037.85238650296
528120030,285792.5324517554
528138010,282380.30656409886
528142040,276189.4416582753
528142090,254144.2038121232
528142130,234031.25410964523
528168030,265804.46701136447
528174050,208900.28713446713
528174060,220446.52465633274
528218090,168696.24217542334
528220040,197981.49033881084
528228295,180185.20835503185
528235010,196736.52686500622
528240060,186215.5222764373
528250020,199815.6111654033
528250040,191133.5197524524
528275070,230511.48186406997
528280230,232153.30524126915
528290030,172602.49841757593
528290120,184446.20045483302
528290180,184153.38122050918
528292030,248657.6160913701
528292070,236733.83825732468
528294050,151990.03744727458
528344040,282219.41388880444
528365070,293785.36204771016
528431020,189045.51060799026
528435050,223248.04442252973
528439060,211541.8707821716
528441020,218479.01614165594
528441090,301334.55708982
528456180,219191.51394237197
528456220,180112.08655238562
528458060,170116.32781796387
528458180,191182.91065842455
528477070,220252.87904668128
528480040,217265.08139297232
528480130,188551.84480582486
528482040,224975.61654580344
528490070,206106.50820255032
531363050,134405.23513840867
531375040,142630.07670135784
531375130,153978.22476816
531376090,174368.211730894
531379050,238659.39359864037
531385020,189291.14453969046
532353020,121251.52351220963
532354230,101145.22753092268
532377130,141357.07137042668
532478020,212393.68161191957
533213020,170092.88178766362
533213040,141798.75507067624
533236050,170718.6533164328
533252040,237882.21046126695
534127130,148883.19788942684
534127170,159342.95669118947
534128020,199271.14207544428
534129080,199391.47921927585
534152120,161877.82440889048
534175080,193008.0327570066
534177230,192888.7894047761
534200030,107785.54705496489
534226120,110900.49928395823
534251030,168438.00747491306
534252240,148095.87921100305
534275060,118799.48259272806
534275100,102106.68914826997
534276040,95679.80805531514
534400290,158298.9434499086
534451110,144188.91300466255
534475185,160835.07861052844
534476320,102753.54039670469
535126010,194920.16752279704
535154130,148137.3184271618
535175030,159386.9057434668
535175050,102078.93055698485
535178040,101975.22731049245
535179160,127618.95008951852
535301170,135200.72250007148
535303150,130216.19247855607
535325290,119394.71276733695
535354070,115898.89429994363
535375050,159111.42835387262
535381040,181370.60024951183
535383060,106306.31343760595
535403190,131095.00236001407
535450160,75249.9711527399
535453200,127995.47688331078
535475010,141301.12354442666
535476110,129253.53337836656
902105060,139733.74934792443
902106010,129324.48192043755
902109130,148885.77605950157
902134120,100890.2230804495
902135020,85934.89185715454
902201110,115682.52811437544
902300090,121649.72000040143
902301060,144828.64602015447
902327070,164952.38098383928
902329080,135103.3228414387
902330040,158646.71003449464
902401130,138667.48715424325
902402150,77877.35288315617
902405100,143864.56326881028
902406070,124219.557846707
902477120,48928.08687885768
903201020,104281.4023271627
903202170,159580.05335295346
903226130,114277.18819733743
903230100,122810.55835167675
903231010,117373.1286952663
903236040,97580.648871121
903400220,137375.89264964877
903427120,134454.06741279174
903475100,120251.13829650526
903476090,102484.83096345702
904100190,110772.70229516983
904301070,151962.03351330466
904301375,114112.39289396601
904351200,113769.29004318347
905200260,145121.32526408343
905200350,150404.95519514577
905325020,206531.34224597245
905451300,105045.77980458691
905452040,156183.44967474634
905475160,135595.95903101825
905478030,154085.36816343397
905480030,113490.94086518622
906201050,160473.12276079142
906223210,220786.47435407783
906226060,164666.22175228875
906226080,140743.01609423055
906226090,153702.34731470398
906226140,115927.3556211596
906340100,254725.89215076747
906378110,190665.89146898818
906380060,239581.68494687398
906380100,205990.06718530203
906380220,191732.5202904884
906392130,193660.3078144367
907126050,124668.41311073293
907131090,223995.60179758037
907131190,170834.18499613894
907135040,122531.72028279149
907135170,123069.19722916828
907185050,193598.78415690392
907192030,180725.58904864467
907194110,164785.83539996014
907196060,185273.62721772015
907202130,158452.2132407542
907227080,103566.5760919081
907227110,100852.86671826176
907252060,236618.29617160157
907252220,241675.53508659688
907265010,185397.7301895243
907275090,205595.56366263074
907285020,201640.03032819586
907285050,188097.5220989755
907290070,149250.28246017895
907412020,182603.38962708652
907414080,180684.9753280237
908102050,114184.75300757124
908152100,127276.84597949777
908154040,249473.65799210066
908225370,105633.6888725273
908229020,108960.30463944974
908275040,134040.8101095527
908275110,134475.17967026605
909101010,102348.5540818614
909101140,134859.37421477807
909129090,115408.35140892434
909179020,247991.58151378244
909251170,175214.11114961427
909253180,150785.13986381658
909279010,196957.46154167724
909282130,122046.15422978323
909427200,122501.38411246387
909451040,84397.77039771888
909451140,107272.50857253806
909451180,114507.18914307721
909452050,194056.13032269507
910204050,139547.87617963183
911104060,50377.53874041021
914475010,138236.95326587211
914475030,154856.08081108113
914476020,144714.93379127764
916386140,192077.53342402683
916403010,183051.99869102944
916403250,199021.0275367317
916460110,184507.00373991358
916475040,273497.8961887898
923203110,139841.92696872193
923225360,103517.2537836004
923225490,107612.01837119133
923227080,156725.23472451506
923275040,167370.07290912
923276260,144707.0050875825
923400025,180327.69835354743
526351030,190681.33151425386
526353050,214171.5640850949
526354070,205128.20328177005
527106150,198450.39218681655
527127140,236627.6981814906
527140090,193702.1909947075
527145090,169354.84501237478
527165010,186623.24716275593
527183060,207270.12354041697
527214030,296556.3722205914
527226020,108061.11416742444
527252080,262940.039701156
527302050,164693.0144400852
527357110,114367.61372151367
527380240,249499.68354916232
527402060,134797.24996323342
527450110,86903.79058487799
527450520,84350.07568664155
527451060,79587.18170702244
527451290,76647.67141772005
527451400,84502.96576988797
527451550,106598.59863379129
527452150,99117.84114261772
527455270,94406.45075472616
528104080,351305.7223322663
528110110,286767.55422253656
528118030,298603.46417700744
528142020,276540.0192740665
528166120,323570.21061052504
528178090,292208.4745383717
528186080,231389.61145759962
528228345,184429.60871839116
528228445,161034.24352165422
528235120,181185.60571253154
528240050,195341.89117204893
528280130,194009.47301268493
528326030,279030.6438851748
528363020,278636.98060251505
528363110,270860.7971807252
528387050,259749.94471522822
528431080,188062.46362467308
528431120,219722.8496021431
528458050,182525.57346477322
528462040,176826.4794907664
528478030,223381.26976124968
528478040,212057.71546163317
528490080,195524.71715788805
531363060,143941.64622502972
531373060,194365.2565648726
531375120,143982.80002779613
531376010,181521.08646658727
531382110,196938.7699098506
531382120,196434.35518692952
531450030,190902.00308824517
531450170,194324.3764964393
531452140,141884.23204106637
532351050,125940.83525719543
532353050,120474.04763225112
532376170,85834.10463625084
533206050,163337.69652614187
533208080,145462.8854102489
533212050,154074.93958343533
533212140,124435.57535039986
533212150,125198.32362275093
533215020,227430.58887931908
533215070,223621.69255611056
533215080,214806.19245035053
533217050,165358.1202181741
533234020,204286.11747943723
533350090,261826.79082463213
534126090,165529.73195165288
534127230,153876.48648487646
534128050,144786.17914630828
534129060,180546.14472296572
534175140,139922.4850553929
534202130,125808.54115054692
534225110,141604.14582848817
534225120,148037.43181674444
534250010,140582.5118548463
534403100,144553.59428400575
534428020,138515.43781552088
534428100,138424.34322448584
534453140,95348.62068431365
534477090,150643.15966529222
535105030,120188.89077921622
535126140,201049.57446048627
535150210,130137.87714336278
535151160,119862.15515280676
535179060,149581.0885280104
535302140,92054.33761576886
535305160,76685.77062049817
535327230,138882.69871655272
535375160,112455.333005713
535402120,161045.4283743318
535451010,141949.49104602172
535451050,97235.68211890105
535451230,82396.25778507395
535453210,138799.7544051181
535455080,97462.82311754799
535455090,114740.3451692549
535456100,85844.19420591739
535475020,171050.66551014996
535476370,160393.29833070125
535477090,113440.46250406058
902100030,56994.173506135034
902103150,105951.97840156872
902105010,67315.680691782
902105020,230236.13888258502
902105130,86909.38789371843
902107030,132953.74319596865
902306120,141470.03937271854
902306130,129873.71820882981
902406020,120040.93274516672
902427150,98035.73076063104
903201030,113811.99653854496
903204095,76126.60908533087
903206070,156089.92063668132
903225160,102524.78373423475
903226060,169498.1853231391
903226150,78833.05757063942
903228040,129181.18720922378
903230110,136004.47816703317
903232030,45440.37960482828
903234090,146247.14818704434
903400180,154604.2233843172
903401020,167188.6658560747
903453050,104976.58913302232
903454100,156096.47486790063
903455030,94679.04377728215
903455140,97002.44590144116
903456130,143529.63841435694
903484020,116897.58476902074
904100160,137926.9426041038
905104080,86889.2644080866
905202230,163369.97973753145
905300020,130273.9131669325
905401045,170191.5597527064
905426030,188315.20962152316
905452120,125092.46125256362
905477050,137235.26554615257
905479110,101917.72576864282
906223140,229202.25668169194
906380030,203348.0502856884
906412010,238057.9341488481
906420130,230757.7847570945
906424010,204422.73089637308
907135260,126705.03205869763
907192130,205673.15757933052
907196050,221286.89468640657
907201060,128916.55249952561
907227300,108773.04711745906
907251090,221011.43063515134
907255020,219441.42055113378
907255060,233136.96863634785
907285080,212654.872518154
907290150,132606.75860198674
907295020,197924.95878130308
907405020,200564.0275021818
907418010,175086.6697996188
908103280,115926.0645728053
908128050,148892.66089044668
908151040,145648.4922909122
908186040,115250.32722574477
908201120,121115.57755630116
908225170,93594.37694226751
908250040,102352.7958895233
909101180,122877.00771362375
909131170,132430.52271625836
909250230,179526.4288635589
909275050,132758.0905832625
909276170,151786.65734817495
909281110,156871.0747979405
909425085,200746.6679903775
909428190,187731.3754218326
909451150,153014.5720361632
910200080,91114.71367649868
911102090,115332.08323113434
911102170,82779.64238135386
911370490,248247.5567958649
914476010,147948.09579237644
914476450,190908.05698109718
916125425,169539.94591653266
916380060,207224.5158033521
916403230,180845.4772587705
916460060,213428.1761710336
916477020,248749.48082110946
921126030,228748.7068961056
923202005,149244.91515606205
923203140,139031.64162651217
923225080,98463.7156234311
923225370,108152.50824282282
923252100,99776.85722493238
923277040,103031.5475265594
923426010,104511.82374512224
924100020,202340.6791911914
526352080,160588.13016661338
526352090,133085.03758241696
527110120,181594.26632360317
527158090,177554.7151656151
527162090,139736.01574910388
527163080,143206.39768349394
527165100,166562.55999862394
527175130,94415.81630291877
527182170,221649.14844865518
527184020,175172.61475620428
527210060,263563.7217843501
527226040,156479.0153565823
527252050,242081.92728135572
527252070,236697.47553702898
527301080,184368.08944315882
527302090,183040.51372216042
527325110,173647.7269629598
527328020,157412.33709669756
527359010,181656.4437457719
527359080,178163.30586120096
527402240,158788.96160552662
527404100,108947.34699948548
527425140,105488.10532863211
527450220,111643.87008082205
527451170,109394.62232398563
527455030,105042.90510959493
527455250,115781.64293590227
528102120,230787.32566457478
528104010,258436.16771473925
528106040,281784.74211052817
528108160,248593.88215862197
528110070,250134.13082923146
528110100,313596.5906505383
528112150,214590.2883500961
528118040,289140.09643355914
528120150,279105.81417054654
528144050,269585.35650157696
528150040,279332.71853098634
528168040,262798.1419660694
528172050,225653.82166677297
528172075,220842.4292467027
528174010,209879.11149807414
528181080,188122.5547593342
528186050,252928.8045985867
528186090,246425.3912840639
528186120,258544.78301783183
528188160,197595.3795642939
528218020,179763.2820247768
528222060,192111.78343824754
528222090,160973.07747650094
528231010,209600.56674926105
528235000,186270.85990483395
528235160,223316.41203856934
528235170,211824.22408303595
528290170,193660.72923577038
528320050,404570.7552644545
528327060,337164.0351251876
528354110,274389.0998978179
528429090,236376.48081009465
528431030,189727.05760139626
528431040,291957.9158566602
528431110,228042.75507143795
528435070,193392.2435341161
528445020,189645.39257028906
528456190,180410.33790183623
528456230,173291.59131037342
528458080,219839.13111875596
528458130,287432.7840726643
528477020,205857.82354971487
528482010,221187.80063750982
528482090,250898.94864316913
531375140,155299.59111119
531451150,111170.88738944868
532378240,112729.960594551
532479050,150006.26644106046
533120030,277265.44599001535
533130170,292462.4938943576
533208040,162656.62322549472
533208070,152257.42343119544
533213130,169556.0221584444
533236040,156296.70475895883
533242090,242829.93909921657
533250190,187961.18687760388
533251110,241433.75252987616
533251130,190990.56304213227
533254130,172950.62148948028
534104090,227158.11924486668
534125120,131309.34947301194
534178010,126017.81741162295
534201040,128066.54128191512
534202030,144950.98901576363
534252110,125625.15622476535
534275170,110762.56108282413
534276180,117869.04291185549
534278170,126267.24125561361
534278190,89674.18714207859
534403290,195497.57377460864
534403420,148011.05262405003
534425080,164288.41045785445
534429030,112592.36579460595
534431020,95879.05942259052
534450090,70737.9293817873
534453080,103356.87792445294
534475170,171027.17384049168
534478140,140213.69003241445
534479120,144106.43087205006
535101150,127578.91712927453
535105110,157518.86456813343
535106180,135564.37283507208
535151100,137763.57728347043
535151110,128619.08839774001
535152060,114824.88643999115
535177110,159998.0581751688
535181030,174465.56075497385
535181140,159274.3459284458
535302070,104604.99705849323
535327200,101484.3088818015
535353160,160888.45847015563
535354050,113490.76327462043
535375130,99098.62331403507
535378080,135015.0422411771
535379110,141086.81776257735
535382150,84607.1097174182
535450220,113194.82186883556
535451040,103851.34588244217
535451110,117950.56073478668
535452060,107403.47856188036
535453080,125895.30275671137
535476360,194945.19495784814
535477130,169729.1263480732
535478040,126318.57959115472
902105110,93367.64421345059
902106070,101431.39401396597
902110010,92868.64794369543
902202070,97438.68182974395
902301030,133312.48079424188
902305010,114157.80659621398
902408080,161061.89921360006
902427040,112468.7470491464
902427180,133822.58950045507
903225040,127932.23100400751
903231180,119859.27251851834
903232100,128452.11062207741
903426010,121906.57939846808
903453080,200460.13694154238
903454010,121780.23887455568
903454090,136903.93076244235
903458060,116187.35144280028
903476100,100205.8037496616
904101070,244809.57709981903
904301110,92239.47692672558
904302010,119927.08056715546
905100080,165065.58794772578
905102010,138675.47550668675
905103110,133585.93829625653
905105040,105823.14368417414
905107140,136373.51660092053
905201080,144162.4855901259
905226080,146270.6765733071
905226170,139889.12304592552
905301050,209080.37736422298
905376090,155385.40026101595
905478140,150113.08825982737
905478220,141671.96080108904
905480090,108264.78177383651
906201022,202565.8247322234
906201023,238193.1801143367
906201200,265742.713389833
906380040,212087.27312793836
906380120,178141.60713188615
906380160,165826.78951294877
906394050,177434.7885422308
907125040,131199.49753641014
907125120,115503.91625023754
907135180,127943.33846254688
907180040,189320.51242242675
907187040,217909.31498370666
907192120,203124.05215128377
907192150,175518.63228165748
907202220,101843.71119291226
907203060,102868.68706718218
907260040,176911.23882259312
907275080,201982.6156495507
907290140,132606.75860198674
907295040,199649.50068075606
907410020,175785.13389890903
907414060,177835.11877417838
907420060,174240.53955317882
908102100,132381.55426388633
908127070,98126.64676194737
908152070,133542.77708526968
908152280,141458.43492559207
908154205,432706.18244183203
908225240,110963.29202299182
908225310,67997.57718352061
908226180,91524.721455583
908250100,78166.25400586592
908275090,97487.28597568348
909252010,195265.11189843083
909252170,105574.84626993525
909275110,158868.80884603993
909276210,167308.60208181408
909281020,127425.984900126
909428180,141187.5829560441
909455060,114368.98380955803
910201020,84704.63160748866
910201180,151987.7260038039
910205130,134462.48511599554
910206010,64888.30841576385
911128010,104983.01881025928
911370460,196231.6596426476
914452090,173384.66363368437
914452190,115736.97357638412
916384070,226232.67124065378
916384150,206884.31224012154
916403040,153589.70247728997
916455010,214148.87703112295
916455150,220933.59104126564
916460020,189422.4676840973
917425190,125737.11409884668
921205070,245268.38196142917
923202134,138130.42165235648
923202220,137887.04876059995
923204140,147194.21533509914
923225050,125795.84306362737
923228220,97259.42411398272
923229010,157468.65589226614
923230180,122241.99567326534
923251160,106913.4614486664
526302040,131586.50487894038
527108020,199090.23624651917
527166030,171131.5141772291
527182020,136445.81432048217
527190220,246151.40615249233
527210040,359807.1114393006
527210050,285724.5334478718
527216050,340329.41960801254
527252090,230613.29488051508
527254070,258244.8399800703
527327080,190939.45115185523
527356020,263897.2570743736
527375160,175820.12145600526
527376110,172968.43760150686
527402210,114927.51208530272
527403120,103370.10947866156
527427210,168820.4776640907
527450080,106301.10436920663
527452290,154522.05173307448
527453070,112559.39008771571
527455100,145407.97588584377
528106010,270739.6642055142
528106120,226606.83718126614
528116030,263563.0530564416
528118010,297057.7889407505
528120140,313086.9670523729
528142070,313052.2070344124
528144030,255736.1890649613
528150080,288046.4707515305
528172020,269425.28992085985
528181030,189576.5584312072
528181040,189576.5584312072
528186110,240806.94489787603
528218060,182236.29822060454
528218080,171658.21828745687
528218140,224925.12386937335
528221010,183553.9614184201
528222020,177297.32723695596
528228360,192475.99880063374
528228565,177930.44920083578
528231050,200605.4543983259
528240080,208826.94628583436
528275060,175304.12037922215
528275080,199052.8830507366
528280100,201886.5047002806
528290140,192634.3678023047
528294070,227240.95111244757
528315070,235010.56348789233
528320060,365364.5042405338
528358030,270167.1988733637
528365090,275664.42586850876
531375070,119791.0239236735
531375100,162789.68043808715
531450040,182711.33998684777
531452100,140412.57697977257
532353180,159857.01989207257
532376180,110017.80407793853
532476050,264793.4536073856
533110130,247598.54576425545
533128030,267108.73644392396
533128090,224387.92391048992
533212100,126521.14675328616
533212110,142725.0648126012
533223080,172563.56777842616
533241010,199960.5658085464
533242030,192131.93807014922
533252020,171676.35198776022
533253090,156282.20351585912
533253160,157970.7811465304
533350050,225762.24843977744
534127190,196663.80264393808
534129230,163400.3412009913
534176250,117860.35671678363
534201280,141744.5446521029
534202180,140633.62756295755
534250300,184564.1121485025
534276230,142454.13090302786
534403280,142511.41069043113
534403440,137645.65441878443
534453150,140624.3581376437
534479240,134551.45878477514
535125060,195582.94119838226
535150240,92303.8192620269
535150300,235415.99390139774
535151130,127217.00556308866
535178100,160707.64285811706
535179050,125534.26924982751
535301150,111069.33120289841
535304020,112572.07221797021
535305120,152628.89208357024
535325460,172729.99075323413
535353180,220639.6025964067
535354130,121044.45106813558
535355100,132986.54146744328
535380130,138528.6359717604
535381060,105667.02088651297
535402100,140628.68863845075
535403150,144601.51599442394
535404080,104207.2544510522
535425040,166066.1449214831
535451190,87134.2806823899
535454030,82919.86595292843
535478010,128333.0638217224
902100130,77073.66709312069
902104020,123998.92438496696
902106040,151990.6406965712
902110120,155830.59481311648
902128100,103795.60495968808
902325050,138890.62349898726
902325160,93793.824587224
902329070,80690.14544429276
902329090,161217.79691877097
902456015,106588.64439898782
903200050,73200.4373966435
903231190,110771.37395694686
903232170,73950.90256981435
903235020,77175.67293761086
903236200,85787.77849828232
903400030,72332.66546572842
903455090,130801.49212176204
904100090,149526.53077348284
905100030,133701.72889963118
905200380,93743.12234771036
905201090,152602.4832991088
905351045,184965.0929388799
905426100,191616.1821479242
905451050,123579.03953789783
905452150,139749.39790177054
906204180,238750.28198013103
906223180,216693.89384026264
906225180,183433.78943245136
906380150,158066.14475094323
906392120,228826.72240925627
906394010,204578.86637763566
907125020,138842.5845564397
907175030,199969.81825122793
907187010,219876.01682615074
907192010,207502.78219708218
907194130,193751.94058556325
907201160,153913.10800560162
907203010,101863.09850819808
907227090,99293.35998514632
907230240,142822.82802110742
907290080,202437.60697357697
907290260,221663.19122443424
907410100,185708.0294223296
907410110,198227.44514778818
908102320,161958.81105863
908103320,104605.02187575454
908127050,118708.3368876093
908186090,121320.04441634219
908188120,136685.84228378095
908188130,136685.84228378095
908227040,93307.92535227156
908228040,122077.82696177464
909101050,119227.43116269416
909101190,153828.81551950792
909201180,107076.17652342688
909250200,136526.82893324282
909254070,162290.91512599462
909275250,123728.7027232952
909281010,198803.5728797742
909425120,176335.79475226442
910203230,79963.45848886657
910207110,53802.304032929125
910226060,148875.431632778
913350030,201062.69036005693
914452060,137953.49794658634
914474020,174047.32033597576
914476050,114180.54693979777
914476500,158298.39705251847
916402125,159775.25245905138
916403020,174660.1522519337
916475100,233881.0276053021
916477010,245663.92486989827
923125030,132056.21795309268
923203090,144849.95721031868
923205120,102193.94704484362
923225240,138362.16008438412
923227100,168613.74656376347
923228310,62672.51566201031
923229110,154258.6313667717
923250060,152678.20378032405
924100070,177669.30015407762
