PID,SalePrice
527127150,199435.99868476082
527162130,174675.5126785292
527163010,166012.9772761253
527182190,220817.9296290652
527216070,407718.41143131064
527358140,240294.38650978572
527402200,139976.71512124097
527402250,141054.22883975838
527425090,80723.87385865564
528181050,215886.90352505524
528218150,193786.09073476124
528240070,219849.9692482897
528250100,141202.77092446917
528358010,247687.73391222698
528382030,221197.03020062303
528445060,261122.1239371675
531367050,233741.98257900873
531369060,193156.6300796357
532351140,141606.1951214158
532354090,138325.74924366735
532376160,128851.45066858141
532479070,165644.52709184034
533212060,153282.3694998171
533221090,180481.17104050025
533238045,272211.15368556033
533244030,222931.25248332112
533352170,175562.3434672779
534152050,203165.97270828462
534152070,198131.17472384396
534202160,139379.08298055438
534251320,165201.79601188382
534276360,105146.60153474525
534425310,127879.18435539355
534427010,171702.13959166262
534431050,260782.13180256734
534431070,143411.2686268539
534479320,149448.74926438322
535106190,189012.57267251355
535152250,139546.42934654257
535302080,116758.72322723271
535350030,136732.9343837964
535350040,108777.29191950547
535454070,108000.02091409228
535457090,139343.62177287933
902102100,125022.26763037377
902104060,55840.70781459607
902110090,170689.97103734865
902125080,157991.26496528767
902206040,133240.16362462286
902207140,84967.41876271064
902402010,163026.0975400258
902402250,165473.0035622908
903206120,211219.4118040791
903226160,88107.28447121968
903425110,124487.56885812781
903430080,105385.68533494379
903450110,154822.27276243083
903454060,56089.097845833516
903476030,173673.21613983143
904100140,202527.71802065885
904302260,135702.21455374738
904352190,138319.00203133622
905105200,111532.7275086495
905106140,128343.40333662825
905109130,272738.2240427099
905109170,242614.1458130717
905325030,242514.69423649102
905352140,202748.84864282067
905451320,135497.83167429658
905475510,100475.79893516046
906201120,218542.45049134636
906223090,230233.95527545488
906380190,187877.88266952103
906385020,191190.9395357403
906402200,314924.14043611515
907200280,174632.48180895863
907203070,109332.64946102478
907250030,304350.6380657526
907290040,212559.72345389466
907290170,147770.95867064895
907414030,206385.31460436506
908102060,12020.458104937483
908102110,107888.41894995366
908103350,133193.30905464137
908226130,66204.44581125364
909100080,124280.24104281349
909101070,15315.035670508601
909250060,200735.15712925393
909428280,279121.04482231825
909452114,162665.51548924306
909455030,185779.37633096776
911204090,145485.51472004162
911370510,264168.6994812055
914478110,225922.24022779672
916386020,185989.0761123929
916386060,137324.42889399547
916386090,254944.03193861502
923205015,194317.5434305917
923230190,105276.81616210473
527105070,176343.29562705476
527105130,268554.556611616
527131030,263358.55981934513
527146010,238549.7993705143
527180100,180328.552042879
527276160,208582.44196923941
527301320,264857.70093274646
527352150,210949.1466854443
527375180,137100.66159022413
527376100,161202.43939236805
527378140,199694.44079360162
527405180,113480.69895553075
527425110,118321.80700565838
527450280,77002.58914304887
527453060,160634.86351929832
527453140,133797.9214733687
527455050,155590.1702998921
527455080,176219.65943223427
527455090,98570.25616140092
527455280,177508.49059187973
528102040,339583.53813834954
528102140,400734.0850821839
528108040,342383.56824083824
528112040,343334.56906996836
528116010,302621.9100238463
528118060,328310.32444257534
528120030,347822.81966110744
528138010,351516.1626777962
528142040,308357.5669045138
528142090,306170.0884053985
528142130,311477.429107207
528168030,273100.9575624335
528174050,215802.28402266855
528174060,215333.070356144
528218090,179641.95114771806
528220040,190063.18237474983
528228295,239048.38847159245
528235010,185637.90131837226
528240060,172733.0489626934
528250020,191613.61397558256
528250040,169416.25466121823
528275070,250068.46984680946
528280230,231979.96110440994
528290030,156902.1516805549
528290120,192805.78778075715
528290180,161107.62774999556
528292030,272368.16730712494
528292070,231736.79602653065
528294050,135765.62863475893
528344040,302743.3234634984
528365070,300445.8846173292
528431020,265032.7428670085
528435050,274553.7677913271
528439060,240955.7389330606
528441020,253127.11987384668
528441090,428732.79946589284
528456180,203432.7242630819
528456220,196373.71124332125
528458060,213393.44037841505
528458180,232705.7253562376
528477070,246976.8725184815
528480040,267471.45846118557
528480130,199755.64505320153
528482040,263900.87924743595
528490070,198550.39514310926
531363050,141319.97433492454
531375040,187185.4263003062
531375130,151273.44828562197
531376090,228660.564761089
531379050,236875.70465230712
531385020,217971.79292585741
532353020,105643.41041888385
532354230,89987.61766462706
532377130,124686.494805075
532478020,288949.96102327795
533213020,219795.83750314225
533213040,148816.37102541554
533236050,204665.4847016062
533252040,316503.889127215
534127130,177456.06997215317
534127170,192700.33855222436
534128020,204835.0015168658
534129080,228290.87938123455
534152120,175580.0489437425
534175080,233894.37333337555
534177230,203702.2306489844
534200030,97013.69480813754
534226120,108104.92630070326
534251030,169967.0296137592
534252240,156357.25124386523
534275060,119528.6959406223
534275100,102947.33501915653
534276040,85208.32158010767
534400290,169845.61343555877
534451110,100212.32105957385
534475185,165402.57086852787
534476320,115250.38367360434
535126010,214628.65014576103
535154130,139226.95594501548
535175030,158818.93491170593
535175050,132921.93486847176
535178040,122269.28757998391
535179160,136285.05028336562
535301170,160330.47745176108
535303150,110715.90680555553
535325290,118618.04231392793
535354070,126631.21886050177
535375050,121006.79550391408
535381040,186711.1089545333
535383060,100671.68375130264
535403190,162309.0177797802
535450160,52396.155555771795
535453200,132138.5413995844
535475010,160033.58707590026
535476110,145844.43661099108
902105060,120612.72792939038
902106010,147812.66948331188
902109130,177251.18482992437
902134120,111945.53934457076
902135020,156035.54104311857
902201110,112864.57842425207
902300090,77280.03121674975
902301060,144564.40158834463
902327070,169293.30174518249
902329080,115081.98056405642
902330040,192909.66903385633
902401130,139149.58441609284
902402150,47926.58502703838
902405100,155158.96334479022
902406070,140636.34806299699
902477120,38413.78994311692
903201020,143325.5068312087
903202170,134733.4360763144
903226130,104018.15450780578
903230100,107313.01643294681
903231010,141788.98581829705
903236040,133563.2704192915
903400220,169323.49866298912
903427120,141245.54686122743
903475100,110755.18706178476
903476090,91569.1582209478
904100190,110181.99605197168
904301070,104977.82410808242
904301375,60785.38012316622
904351200,87226.33643992014
905200260,129930.80679816986
905200350,133618.551149066
905325020,207785.2141879873
905451300,108464.93462090897
905452040,158465.87679907412
905475160,146287.99015978555
905478030,132597.5532801248
905480030,87950.90061898521
906201050,174541.5545136396
906223210,236667.11849580694
906226060,165668.3999036771
906226080,178231.85760935125
906226090,168703.2473722478
906226140,115753.28123876984
906340100,357455.2420313206
906378110,249737.1631481704
906380060,291031.7892942197
906380100,279103.8274296404
906380220,206147.79874975907
906392130,185328.50800606815
907126050,134341.9731978631
907131090,209646.8754577883
907131190,188433.86992988735
907135040,160807.22993470868
907135170,129242.03265218384
907185050,187942.76750772004
907192030,194064.13548642246
907194110,212326.5731662224
907196060,227542.96655801008
907202130,165769.40995182027
907227080,108102.46164527227
907227110,122576.60782120028
907252060,259382.9638188692
907252220,240237.14580435643
907265010,218247.4579044237
907275090,221488.82039253507
907285020,210551.31394507043
907285050,206358.70392172015
907290070,185723.0649442503
907412020,204429.787120737
907414080,180321.87800083664
908102050,74214.75323955428
908152100,138553.9032290319
908154040,335718.5688697654
908225370,58564.27958351276
908229020,109364.02857297269
908275040,156293.710135609
908275110,142919.57253866622
909101010,111824.16084245687
909101140,126897.4611941285
909129090,92376.42528953303
909179020,228405.5510491755
909251170,137378.58563160984
909253180,129779.52452142659
909279010,213435.17283630304
909282130,134021.88097231588
909427200,150565.86254083485
909451040,112249.33556994912
909451140,144637.3561133108
909451180,144637.3561133108
909452050,181371.42876564644
910204050,158516.18443429313
911104060,39987.66463812429
914475010,116679.99631088364
914475030,187566.33142920153
914476020,130990.89733668041
916386140,222676.32082467416
916403010,186401.85267659434
916403250,182194.68185125286
916460110,225752.61072251908
916475040,351725.46929911163
923203110,169182.75418854435
923225360,95488.11873685592
923225490,97370.97296100664
923227080,150371.95083692044
923275040,164683.66056926546
923276260,151461.66719094157
923400025,155327.36526183237
526351030,266215.92231853295
526353050,246303.00701730678
526354070,222604.4073694247
527106150,180150.332439561
527127140,278771.0367730388
527140090,200900.10026788485
527145090,188239.00109742448
527165010,167273.56051630026
527183060,199143.5191965586
527214030,353786.04290963616
527226020,143228.3134709
527252080,326955.4831010144
527302050,191787.6247300999
527357110,121598.89023239844
527380240,288508.16253068065
527402060,166018.17459972
527450110,78355.1100046982
527450520,91139.73442270931
527451060,87627.74064605938
527451290,77476.81946903506
527451400,58299.78061813908
527451550,95320.29718483762
527452150,139717.43027143535
527455270,88888.92013795143
528104080,398111.5922708504
528110110,391751.6635767813
528118030,370278.7591926637
528142020,304969.436065562
528166120,344459.5054594943
528178090,359547.2862467004
528186080,341823.1564687588
528228345,228661.9792943779
528228445,220754.9062935522
528235120,155665.97536241997
528240050,210612.77892700987
528280130,190826.63977822283
528326030,270841.05902525847
528363020,310017.8279290418
528363110,317113.5902462414
528387050,251943.79106696902
528431080,214620.095970588
528431120,257145.45016387576
528458050,223224.35176902788
528462040,211496.121698702
528478030,266465.0538795675
528478040,262201.4359722972
528490080,209655.22170299606
531363060,133230.77809980637
531373060,195652.2698106008
531375120,164014.83058936303
531376010,194578.93435060838
531382110,195038.36423124178
531382120,215093.5623391088
531450030,197200.5611290842
531450170,195645.70491968477
531452140,180489.060593511
532351050,104444.77448450355
532353050,103475.05828941568
532376170,81726.86686397032
533206050,207830.23851568627
533208080,164315.40273020734
533212050,153545.20909564276
533212140,174468.458174295
533212150,174468.458174295
533215020,240025.99626571007
533215070,230252.4117238515
533215080,265158.8692506515
533217050,154010.2124427604
533234020,174167.2052823493
533350090,301371.10103092564
534126090,199740.79468489412
534127230,211025.35091383255
534128050,176314.53857500173
534129060,213615.50753227854
534175140,185898.30334994337
534202130,136591.96651399176
534225110,192689.94062578242
534225120,192689.94062578242
534250010,184384.8314631282
534403100,153211.18880906844
534428020,119124.02670808445
534428100,132990.55312869613
534453140,70741.76585065633
534477090,152060.2964081981
535105030,137682.29927948583
535126140,228362.23906597632
535150210,128265.57391030225
535151160,152080.23545554662
535179060,170003.5629198488
535302140,100337.15891000467
535305160,68937.06590023333
535327230,87717.9213212552
535375160,108126.9528894493
535402120,178098.41142859764
535451010,115246.7936919524
535451050,148251.57493819413
535451230,57853.10508155715
535453210,150850.5277567603
535455080,100563.6554720158
535455090,107514.5607377369
535456100,99173.46737479589
535475020,167317.37904486398
535476370,151903.59259332978
535477090,115012.60824028449
902100030,92166.58997594142
902103150,136647.45198221004
902105010,78387.02969776526
902105020,289771.0637183237
902105130,67061.40234439237
902107030,136594.22697919255
902306120,175283.07145971348
902306130,130640.24256996319
902406020,108891.65838934781
902427150,115069.84884887168
903201030,145599.42436885717
903204095,82603.86542916836
903206070,144902.14205045492
903225160,106384.92203287712
903226060,168840.40300029275
903226150,93225.00234038151
903228040,135699.8792168992
903230110,108041.00974244328
903232030,31607.08580567225
903234090,157343.9052833086
903400180,178072.5281648056
903401020,136058.2236808912
903453050,132145.06241108812
903454100,172953.88042146363
903455030,77448.05161588381
903455140,114828.36922614391
903456130,107540.29775440473
903484020,112646.08592729864
904100160,103619.4894849456
905104080,115333.03920601447
905202230,204756.90383483327
905300020,165015.2595840228
905401045,187441.7423902505
905426030,177788.33679009316
905452120,153334.74194305248
905477050,127114.6588732792
905479110,113891.28993178692
906223140,238968.23995171356
906380030,266422.62878022046
906412010,364381.62601499475
906420130,251428.23952360725
906424010,236756.71086682208
907135260,149517.87279550263
907192130,226404.20321844684
907196050,219952.48331706013
907201060,158980.02522995457
907227300,101854.60636706516
907251090,253231.3820557269
907255020,270977.89094939234
907255060,294525.80517483875
907285080,216372.22539043063
907290150,150476.0003939476
907295020,198676.6916525201
907405020,224192.7229560389
907418010,253709.1340392233
908103280,134684.42145368713
908128050,146409.97641964917
908151040,149944.84438744307
908186040,142564.82859087858
908201120,118429.62178698968
908225170,61985.80844969727
908250040,65089.43857578478
909101180,89197.85691720701
909131170,126232.0520909463
909250230,180618.76767337433
909275050,143173.3171060164
909276170,154225.01097860635
909281110,173451.30869279164
909425085,210094.05725627308
909428190,251232.55124156765
909451150,159748.95818676427
910200080,96112.15553271155
911102090,81904.20411205903
911102170,61884.60583902824
911370490,317017.9102954612
914476010,154922.12222002257
914476450,216747.49626046483
916125425,209302.5002658209
916380060,255032.75877612166
916403230,224135.30144290737
916460060,251680.6343222362
916477020,297171.50058601634
921126030,267395.52519507124
923202005,179938.92887920138
923203140,167508.92187206197
923225080,149613.8316551608
923225370,111709.77838611644
923252100,103105.41019303665
923277040,130734.6627805242
923426010,118015.41046794396
924100020,153034.06925325585
526352080,201289.8500022906
526352090,145628.72198250965
527110120,176635.00172117332
527158090,164111.01736608805
527162090,159240.8258700745
527163080,150457.31474653204
527165100,145764.07562950475
527175130,151545.00653255984
527182170,229417.4116087799
527184020,174448.68463985366
527210060,311728.2734806123
527226040,185284.2351381146
527252050,267640.70465561864
527252070,239141.01423764118
527301080,224728.00534956506
527302090,224103.52540229415
527325110,214559.56966995008
527328020,149428.39172778843
527359010,209586.3535489945
527359080,214024.45711240446
527402240,174911.11717853372
527404100,100971.85790449788
527425140,113487.19685879053
527450220,104923.47463268955
527451170,111617.6803425636
527455030,141522.90266242196
527455250,116068.56415525585
528102120,292705.2551523466
528104010,348910.6789532819
528106040,405140.6421949799
528108160,290378.4611523042
528110070,309856.10906382895
528110100,403921.6989705815
528112150,269433.0760460357
528118040,381959.6125866454
528120150,316683.99498148035
528144050,328648.18238806084
528150040,353337.31789710245
528168040,288279.91017367586
528172050,253110.59393474268
528172075,251816.09834806964
528174010,218006.19675583486
528181080,212980.56982337302
528186050,311974.47667592426
528186090,309756.1751017007
528186120,349560.59756874456
528188160,222736.42415128736
528218020,197375.21436300786
528222060,182451.33983001427
528222090,201239.2297433382
528231010,247108.37139726043
528235000,174054.6264388685
528235160,230791.15564574488
528235170,240092.52194609173
528290170,183812.1670830895
528320050,493763.2458023364
528327060,449588.5328456954
528354110,296038.00675269053
528429090,356329.41042289033
528431030,239061.73886480904
528431040,384983.3527488644
528431110,306262.03665717726
528435070,255593.3218045961
528445020,233913.82844326392
528456190,206778.09711281408
528456230,205281.78646774727
528458080,214929.86866306368
528458130,297790.2337510124
528477020,256197.6342596726
528482010,267255.5062047712
528482090,297539.4610209054
531375140,187506.59293148603
531451150,117167.16139850309
532378240,102485.17829133612
532479050,145995.12802528124
533120030,357612.94949780975
533130170,336183.0724390559
533208040,205513.9442642822
533208070,161729.33416040422
533213130,161577.17019800722
533236040,177308.60745711127
533242090,268154.7048715707
533250190,240705.40203281646
533251110,320586.01969423296
533251130,217045.43031913936
533254130,190722.94594064952
534104090,239630.23870484426
534125120,134079.00149534742
534178010,110370.24463189127
534201040,123718.91893782628
534202030,127903.07407072405
534252110,128965.0296943833
534275170,122041.94579153616
534276180,108528.40258823376
534278170,144599.95607111554
534278190,109886.98924863621
534403290,205118.09753201596
534403420,148068.15218071308
534425080,182982.05343972152
534429030,87924.37080863334
534431020,111970.11697424582
534450090,13680.26396378447
534453080,108257.40375250169
534475170,197422.7365762691
534478140,145859.29802019405
534479120,124406.44294012105
535101150,186761.8190779434
535105110,158455.11876691884
535106180,131578.4563403643
535151100,111932.5395297707
535151110,148956.73865783974
535152060,118325.64653591103
535177110,201597.52790244215
535181030,187865.00075968364
535181140,160344.48209749494
535302070,109808.67371582871
535327200,125959.37240651346
535353160,148568.14444201573
535354050,117871.65155068095
535375130,89956.07319474993
535378080,124841.50550445195
535379110,137249.83778918054
535382150,79225.40121668864
535450220,108452.02440203386
535451040,111797.59144377797
535451110,131585.97507647082
535452060,132224.71757987532
535453080,125566.55344836562
535476360,190720.3174909045
535477130,146217.03913414036
535478040,99598.06964399638
902105110,103577.9226288307
902106070,125523.4142061054
902110010,100355.82165447797
902202070,164731.40990849547
902301030,128259.42036404862
902305010,119893.87119172869
902408080,227148.53376157396
902427040,91004.42631004685
902427180,110981.91928861818
903225040,98537.4473308519
903231180,127291.05655407492
903232100,148481.91957327668
903426010,129772.87106151963
903453080,213010.32141624985
903454010,100529.44751800565
903454090,137247.45821758962
903458060,135425.62598589636
903476100,76601.84017909449
904101070,229249.07303271253
904301110,97800.5287468109
904302010,106747.68201939996
905100080,182985.87374385062
905102010,160468.913926883
905103110,98981.72372218329
905105040,91914.9931599402
905107140,144959.98258160788
905201080,156740.72330643146
905226080,140439.9819527485
905226170,146247.65991077622
905301050,232123.95859912797
905376090,128017.0556899248
905478140,171503.6036074972
905478220,157441.62526284976
905480090,125381.29550539618
906201022,208537.3800312321
906201023,253978.7024865155
906201200,291619.39163115935
906380040,272046.44867007225
906380120,194882.62092229645
906380160,207178.4818973254
906394050,211952.8533600246
907125040,157681.93468902394
907125120,132756.8345439543
907135180,120381.23095861264
907180040,183928.1275195548
907187040,229316.2546811426
907192120,219538.55668729817
907192150,198489.7882019612
907202220,112736.41803057923
907203060,103639.94828892774
907260040,230677.3350211197
907275080,232715.38316445332
907290140,151828.52125559695
907295040,217772.8553357615
907410020,184181.4049389254
907414060,216749.34186535177
907420060,196446.2039223968
908102100,153128.09639195265
908127070,137652.03901799736
908152070,145041.62795692807
908152280,167860.8676236402
908154205,607970.742404927
908225240,89531.81078704941
908225310,105988.36042882656
908226180,55223.622160231855
908250100,95655.50668619337
908275090,123542.83245366535
909252010,176824.448095212
909252170,131814.1927215734
909275110,145622.44540755238
909276210,135050.36257664615
909281020,96048.98148935125
909428180,165279.33932106238
909455060,144027.50173323057
910201020,83585.81146487266
910201180,165333.11203539747
910205130,130849.9900911248
910206010,1961.569461837702
911128010,140386.05339501466
911370460,250802.14867589498
914452090,167649.75184953766
914452190,128329.54525626003
916384070,247270.731461783
916384150,256802.33854188595
916403040,178497.1602418636
916455010,216733.49274506758
916455150,313465.101621021
916460020,242987.7225096309
917425190,203503.25095559075
921205070,284258.7672422514
923202134,140994.41843952695
923202220,180110.02811059813
923204140,173516.03814109854
923225050,160345.98193237293
923228220,88078.25038502424
923229010,152137.0473041642
923230180,127351.30136557252
923251160,150031.91619233918
526302040,117556.43935566317
527108020,268343.2814214569
527166030,181855.70320393064
527182020,153254.10517582187
527190220,252162.03496296288
527210040,453756.09092629596
527210050,302249.69603143254
527216050,394661.9079178601
527252090,279041.3914569601
527254070,281382.1484310447
527327080,165116.79385639424
527356020,266416.3030853287
527375160,156321.62869143795
527376110,171414.94112085603
527402210,119288.48342585859
527403120,70554.76747157967
527427210,215686.83330348277
527450080,131146.5146279443
527452290,166562.21082737212
527453070,125477.58202932443
527455100,155915.98697394313
528106010,274607.7329021771
528106120,268814.92445917137
528116030,307524.680347863
528118010,301093.5156264617
528120140,341357.98732136225
528142070,327583.1908503897
528144030,262247.6119869432
528150080,356396.8042909105
528172020,251517.75104852638
528181030,220426.17137218776
528181040,220426.17137218776
528186110,317781.3145310261
528218060,190874.46351725617
528218080,181632.5540476979
528218140,240270.28955714556
528221010,199750.1910869391
528222020,181632.5540476979
528228360,221603.04114720703
528228565,231189.44486902255
528231050,209550.08611733513
528240080,253533.10779268167
528275060,185515.2580993052
528275080,201623.11224010633
528280100,221999.12572794844
528290140,186780.39627043958
528294070,252190.16299020467
528315070,280969.21853251004
528320060,406614.8009510557
528358030,338677.1579355458
528365090,295311.4051448834
531375070,191332.1490134065
531375100,172386.75757220128
531450040,182977.36692147847
531452100,182578.1802404998
532353180,162435.33124208046
532376180,105319.78247934372
532476050,293348.9006792358
533110130,273796.7852086512
533128030,262863.47845960676
533128090,253401.2994393824
533212100,130030.254443399
533212110,155885.57504978313
533223080,170282.9108535563
533241010,193005.71826779522
533242030,238596.87891246643
533252020,206333.99881657056
533253090,197699.97027019778
533253160,196375.2218862717
533350050,325125.46573065757
534127190,260250.2370234896
534129230,161218.99254493578
534176250,139180.20260679768
534201280,113195.65299124179
534202180,153835.09455625535
534250300,186722.46084731718
534276230,189349.87828739922
534403280,165838.49179648174
534403440,146626.99448368646
534453150,151554.21207066893
534479240,144412.80306725157
535125060,210133.22171537843
535150240,92955.0191841256
535150300,301309.2491259473
535151130,147238.31916120608
535178100,153824.80630361073
535179050,120808.41846219564
535301150,131037.98419778998
535304020,110225.97500887122
535305120,159445.5281863296
535325460,233123.00348655874
535353180,243429.86586369312
535354130,137690.1055079381
535355100,99813.23817435635
535380130,175467.4507407946
535381060,106990.6197834998
535402100,134772.09155603475
535403150,140517.69445979802
535404080,100425.49971269193
535425040,183742.3685104151
535451190,104767.12515323352
535454030,49949.082421910585
535478010,102624.0721231882
902100130,84974.37601756677
902104020,134947.76041837235
902106040,159817.26901456082
902110120,180773.4661586977
902128100,141694.4657734668
902325050,175998.64269241737
902325160,85112.86997891791
902329070,101294.97323218432
902329090,185228.4483307682
902456015,87822.73587125556
903200050,66569.01522328728
903231190,115881.09124321115
903232170,40138.718382774794
903235020,56765.68834868877
903236200,104187.5387795008
903400030,57477.84565450829
903455090,118563.51296510831
904100090,217129.38117873349
905100030,156058.52248110372
905200380,76853.51954987712
905201090,167035.89431911605
905351045,175848.95492325767
905426100,158016.46054187557
905451050,167793.86741772512
905452150,143704.66268086067
906204180,263215.7320404563
906223180,220798.61924310267
906225180,255214.30909824226
906380150,193459.47810716042
906392120,262140.4583990496
906394010,221192.04906933315
907125020,163224.79217177746
907175030,225083.1500253757
907187010,221976.66322791355
907192010,216095.1644125383
907194130,217785.38913926625
907201160,148037.97980167525
907203010,107634.75869285883
907227090,121938.4572980431
907230240,136503.6594102639
907290080,276474.94185491547
907290260,252005.63451154885
907410100,196949.10661722987
907410110,243227.9352370549
908102320,175809.0065190956
908103320,92596.17375843119
908127050,137989.233637979
908186090,145269.87031417724
908188120,175718.71241519487
908188130,175929.76591315478
908227040,38752.393649758684
908228040,115340.49086722493
909101050,105804.51171479732
909101190,178067.0388208568
909201180,125216.68125237853
909250200,133818.57480006205
909254070,177437.40381878222
909275250,103228.78308131377
909281010,238361.17154704037
909425120,220058.73697479197
910203230,54823.81850652101
910207110,98573.60797752622
910226060,135912.94963607567
913350030,221884.01775349595
914452060,194487.7223790042
914474020,235561.89190482438
914476050,138497.01619254073
914476500,229546.50883830845
916402125,158940.39190030415
916403020,175591.95278169744
916475100,301150.46474685817
916477010,305621.58530806075
923125030,86212.10791481675
923203090,174254.37871804414
923205120,144295.32984080428
923225240,141745.35272247193
923227100,151851.92083812665
923228310,91362.88304411876
923229110,199477.94104819954
923250060,139679.42323262128
924100070,187587.33060406652
