PID,SalePrice
527127150,190792.97226928815
527162130,203409.9133993393
527163010,171428.82005806008
527182190,211832.81985433324
527216070,383153.9750900972
527358140,224207.0289158444
527402200,134139.93512973216
527402250,160889.12681851618
527425090,81492.54687082139
528181050,223728.5322974493
528218150,188222.25970875158
528240070,215585.7058258711
528250100,167075.09678295517
528358010,232608.82847691845
528382030,214928.43549081177
528445060,267017.79441795725
531367050,220443.04783493996
531369060,186182.04148204776
532351140,192062.19621869508
532354090,153762.42446656866
532376160,137126.33835468715
532479070,195443.2520770855
533212060,154638.41308880568
533221090,177895.653850824
533238045,265650.11552496976
533244030,207871.0061456108
533352170,156827.18438306294
534152050,208545.49160994944
534152070,177252.2043838014
534202160,148309.20800148038
534251320,185613.7579892719
534276360,109039.6205896138
534425310,126557.47013356163
534427010,192948.21828755215
534431050,286444.20581904706
534431070,151666.47130103415
534479320,141746.87594749653
535106190,204468.08764950774
535152250,130325.60760111417
535302080,97485.18134414784
535350030,147207.3666006383
535350040,110865.26181808612
535454070,115500.33239868216
535457090,132745.05143109834
902102100,149635.75672822876
902104060,83831.59994215728
902110090,149107.0404492789
902125080,71465.10874187341
902206040,141188.28915936674
902207140,100885.40741379111
902402010,159923.94123617606
902402250,176192.02095690335
903206120,202248.46828374837
903226160,73576.13138243163
903425110,121267.58748047525
903430080,99068.65420525454
903450110,96651.5558011233
903454060,23397.7645852821
903476030,149986.92245482246
904100140,190529.19233802045
904302260,98170.13648184741
904352190,124935.28666608338
905105200,122354.1839000382
905106140,116389.07154407924
905109130,242076.63389916215
905109170,212898.10068339657
905325030,215095.16888059315
905352140,202724.98594906478
905451320,107664.61449102542
905475510,136435.1630998142
906201120,208096.2918598019
906223090,210388.4600330926
906380190,182398.13670631923
906385020,195024.78594792448
906402200,335947.1886265597
907200280,134819.9581347858
907203070,114851.36373947619
907250030,306772.2183774904
907290040,229246.2724003133
907290170,153625.8945268221
907414030,210856.98221439717
908102060,66130.73150411749
908102110,87778.40214244206
908103350,135718.09704996593
908226130,58092.40714985263
909100080,146662.27351197915
909101070,47387.13237816942
909250060,248473.37096580252
909428280,227794.6430219367
909452114,194605.36876912447
909455030,165044.91951803985
911204090,112009.1956067717
911370510,255848.2208319998
914478110,215360.0868341007
916386020,183685.22404353344
916386060,166085.0691030522
916386090,261355.42516761567
923205015,200406.74835003796
923230190,113470.47862766232
527105070,180987.67247171048
527105130,276707.5552783963
527131030,285721.05284272006
527146010,230055.7809205572
527180100,189020.7828559273
527276160,180468.30980434868
527301320,246288.14002386166
527352150,203820.2804607766
527375180,133156.47166674415
527376100,157808.6002456549
527378140,212614.6480932168
527405180,111248.69525732344
527425110,129717.54936799555
527450280,98173.759966124
527453060,141871.50043451868
527453140,135446.84518184327
527455050,148051.65297193808
527455080,146067.94558114992
527455090,102916.439940448
527455280,159933.66267211363
528102040,261205.97712820553
528102140,365412.8238950514
528108040,330615.45340707613
528112040,289011.1744145653
528116010,285859.01056223764
528118060,341976.29140956944
528120030,287541.8917219194
528138010,296956.9867399861
528142040,319810.0181756486
528142090,295596.7558839884
528142130,268360.3361771814
528168030,293207.06272792775
528174050,217029.47969503957
528174060,210168.94451757788
528218090,189287.91978494776
528220040,191994.8467655318
528228295,240047.42526064813
528235010,190178.2333721632
528240060,171707.18161557533
528250020,192897.92399648204
528250040,160982.01216769742
528275070,231212.84319435875
528280230,225322.3377523817
528290030,163918.69411421393
528290120,202111.25937166013
528290180,172116.37557256597
528292030,265065.98299683066
528292070,223622.48589314625
528294050,165908.33904146406
528344040,288911.1042613367
528365070,287202.3554873569
528431020,258912.2991256952
528435050,280232.1519498754
528439060,229670.34560861025
528441020,242597.98853496078
528441090,366947.48962545785
528456180,213795.68988756306
528456220,189955.9023174125
528458060,201677.43212136382
528458180,234652.13427241077
528477070,242310.57278226406
528480040,258218.39021658414
528480130,196410.1589644011
528482040,266113.6835552677
528490070,186833.13705687912
531363050,154358.02316582948
531375040,183347.28448058615
531375130,159515.80294675875
531376090,227602.80593909085
531379050,215810.63112215817
531385020,201657.26071863662
532353020,115501.64313874926
532354230,83027.41758339104
532377130,127834.43567981392
532478020,282843.4563976024
533213020,227980.12034293808
533213040,174060.28291172913
533236050,205302.30074352102
533252040,251160.41595935042
534127130,172217.6363742333
534127170,183484.0143752183
534128020,204327.3896606549
534129080,237294.095824507
534152120,165332.92630480108
534175080,225235.67260283412
534177230,188032.3665588926
534200030,90027.96403233774
534226120,94738.62294936652
534251030,179257.948315222
534252240,165341.9511123893
534275060,103786.95951153783
534275100,80847.96052716376
534276040,91053.28889268127
534400290,173632.51038418183
534451110,102971.6277723838
534475185,178544.67689621926
534476320,98672.58688252635
535126010,203451.22609784288
535154130,99741.59037425503
535175030,191635.81453814043
535175050,144439.54088148312
535178040,114362.35408447846
535179160,132561.6800700927
535301170,172768.91848937405
535303150,126235.96797941288
535325290,112310.54671044611
535354070,107130.85109782653
535375050,99431.17421845929
535381040,173760.4110898375
535383060,21910.832578645874
535403190,137678.57622275472
535450160,88523.3457186762
535453200,111626.80079090933
535475010,177928.08270481654
535476110,131095.7254996651
902105060,89262.74426661304
902106010,146440.44758235445
902109130,92761.01204424707
902134120,80999.55057871723
902135020,101129.00339274877
902201110,106050.5573016573
902300090,89478.91831846368
902301060,92901.27230453581
902327070,117287.88352648879
902329080,125547.26634591425
902330040,168429.51433038543
902401130,134380.84702852293
902402150,104371.8708600523
902405100,173538.96986204438
902406070,152842.23208289884
902477120,32408.715949235004
903201020,143094.1260449427
903202170,140662.27974502378
903226130,84327.64173600147
903230100,128790.55231278602
903231010,143792.21902500218
903236040,155944.49959956054
903400220,206025.2825562638
903427120,119688.71421856954
903475100,109758.24519811443
903476090,127947.10176176358
904100190,75623.8275551135
904301070,105628.30680086909
904301375,60415.77528309547
904351200,67567.47071284751
905200260,126836.16384001555
905200350,142257.9518629113
905325020,201450.41611966275
905451300,101328.58706613706
905452040,144096.58015759403
905475160,122083.53028939862
905478030,187649.62648768432
905480030,84557.27413631161
906201050,183248.22862882807
906223210,219799.57925911795
906226060,188226.31208761898
906226080,184674.0125063858
906226090,202945.44537239606
906226140,173175.5680345513
906340100,297509.55909654696
906378110,252046.83745484723
906380060,281342.4590315863
906380100,252092.0731457871
906380220,209108.558154334
906392130,185421.96657698002
907126050,136234.74335478526
907131090,182510.31659929856
907131190,200779.88843376163
907135040,164095.528732616
907135170,154372.57576280713
907185050,193021.38153286616
907192030,195732.36164312967
907194110,199140.40975701963
907196060,210566.73850390536
907202130,154910.34810531855
907227080,116299.51032921394
907227110,101636.7354551421
907252060,258070.6161866787
907252220,226350.03297506768
907265010,205529.90302820288
907275090,206441.23417565465
907285020,223055.0852863434
907285050,188278.33381597238
907290070,173432.18651257356
907412020,193707.76981167524
907414080,168935.1430236816
908102050,133259.98173834034
908152100,142533.62882395554
908154040,282726.2858545458
908225370,95769.46468117839
908229020,52805.58790562804
908275040,171743.99400875115
908275110,160576.55230050592
909101010,122429.60709179651
909101140,130337.6144339011
909129090,117798.85439317761
909179020,278357.97632191575
909251170,145903.1353456785
909253180,108784.99056436474
909279010,227232.3749014568
909282130,122876.60080936032
909427200,154473.0987456023
909451040,122373.78365075104
909451140,137919.0915702394
909451180,137919.0915702394
909452050,210398.37107918208
910204050,184181.04317233074
911104060,23915.17375346007
914475010,114254.61651817168
914475030,176941.54152347887
914476020,175888.47647316012
916386140,227545.3871074003
916403010,181138.36428321194
916403250,199096.6566780163
916460110,218145.19380928323
916475040,300325.8208895924
923203110,173451.60476219698
923225360,86641.19389463446
923225490,92349.50446235527
923227080,169535.33310139782
923275040,152739.6726665766
923276260,146437.4743431975
923400025,168948.25429816707
526351030,191834.40218322462
526353050,258337.88269765783
526354070,204525.83964400587
527106150,184102.165427311
527127140,260921.30355930456
527140090,185795.26025293273
527145090,175457.34266606407
527165010,176307.8785582519
527183060,181128.2292869683
527214030,301250.61572280683
527226020,180127.39250834312
527252080,266968.4253301198
527302050,175119.74161541357
527357110,128873.79005251291
527380240,287696.4666002283
527402060,132083.52445463112
527450110,96146.33329029288
527450520,96593.6978039705
527451060,90058.25299408665
527451290,93049.30836817843
527451400,96853.95782105732
527451550,101629.80531346722
527452150,129831.94371687542
527455270,101310.17361795285
528104080,357326.9909102216
528110110,404662.4763009104
528118030,356564.69135384227
528142020,283673.256030546
528166120,360490.79034797964
528178090,342972.93749903084
528186080,304466.7346513685
528228345,224493.50222009726
528228445,232836.57845493982
528235120,182431.85895955324
528240050,211466.8887913093
528280130,201257.15026737098
528326030,258670.9860204119
528363020,280471.8137052799
528363110,300155.3642351661
528387050,240045.7077290793
528431080,210597.65012684366
528431120,254185.96697051515
528458050,199597.27503926813
528462040,216600.06759537046
528478030,250238.88925397958
528478040,252560.25379688025
528490080,189730.4881889021
531363060,147339.12971648521
531373060,195963.97931370887
531375120,179370.00285781297
531376010,183640.75927039544
531382110,176878.36178518293
531382120,227511.14293093336
531450030,179371.55093681114
531450170,175827.6404810832
531452140,161649.31286792734
532351050,101807.22384946709
532353050,91600.06189345784
532376170,94505.2736175073
533206050,199465.99952531833
533208080,156429.69497937977
533212050,147329.3930696147
533212140,170427.1805604353
533212150,170427.1805604353
533215020,235725.13423794764
533215070,225738.59735396347
533215080,247991.23787717306
533217050,153117.00091222915
533234020,205530.54193405993
533350090,320030.262667094
534126090,215661.3811646466
534127230,208997.89833952943
534128050,161704.74197015475
534129060,198392.50407105597
534175140,169774.5257651713
534202130,142213.35871346382
534225110,203687.36948209093
534225120,204009.91463506408
534250010,191212.8216458219
534403100,164578.31243721122
534428020,104565.33764271848
534428100,130687.63584965005
534453140,43956.38540952891
534477090,172231.04620755088
535105030,131299.61829707705
535126140,217730.3263698061
535150210,102614.27063119393
535151160,159934.5630540268
535179060,184944.0295299824
535302140,100458.06641246576
535305160,65047.76284952101
535327230,177459.2076127766
535375160,72043.7123376343
535402120,182512.55532646866
535451010,118799.24294490111
535451050,95403.28451701839
535451230,104548.8042082531
535453210,134137.25160119435
535455080,93904.3093883158
535455090,103520.59063360412
535456100,72219.39057134933
535475020,178103.2850375838
535476370,156212.9587252892
535477090,112714.00542244196
902100030,97954.26454955219
902103150,148497.6916407649
902105010,100147.59961756953
902105020,218406.1816195679
902105130,46054.27502960722
902107030,112718.44253099899
902306120,117333.77726317241
902306130,137473.0473322203
902406020,96302.25376457964
902427150,128945.3129310394
903201030,117531.8992747973
903204095,75916.7505278402
903206070,139079.56121781628
903225160,98699.43359834846
903226060,170418.7188434579
903226150,117650.60077633355
903228040,126959.865872834
903230110,107684.46189846465
903232030,80416.73632734883
903234090,144135.9792349125
903400180,193106.4289730976
903401020,117405.68853822566
903453050,112813.95069765349
903454100,179250.1335133873
903455030,98738.97085809198
903455140,128679.96930480233
903456130,91922.9370848368
903484020,106735.09727341041
904100160,90284.23714745801
905104080,98529.08923072743
905202230,177423.47726449394
905300020,133201.0531310641
905401045,184759.28783654462
905426030,186280.5662095508
905452120,123155.65540493028
905477050,98846.94341590509
905479110,104836.56308278051
906223140,223638.55175378718
906380030,267466.94769892225
906412010,354733.1247617102
906420130,231930.22949896264
906424010,232426.90149170745
907135260,153756.34205578754
907192130,220396.7046393993
907196050,203501.1182192929
907201060,99941.1799357322
907227300,88178.56624657554
907251090,259257.19609130698
907255020,248345.53564013296
907255060,285942.49357630726
907285080,198825.45945340215
907290150,155488.82419047112
907295020,202612.9389603718
907405020,211053.55736521079
907418010,240817.56961408403
908103280,161300.0898273136
908128050,127892.93088456313
908151040,155447.30615488125
908186040,188119.3971514671
908201120,113424.51428155154
908225170,57788.76609395316
908250040,100514.01136343053
909101180,110256.69397252965
909131170,79215.76070981141
909250230,172917.997941721
909275050,154740.88620596513
909276170,161958.94772081275
909281110,182331.32192954805
909425085,211163.37557016162
909428190,244988.73109318368
909451150,148622.08571498102
910200080,92004.39916274202
911102090,72642.79084324843
911102170,69394.58636453043
911370490,259579.4505941784
914476010,157573.2849595013
914476450,211005.0702173022
916125425,203555.43980008873
916380060,237503.60708278156
916403230,201989.55486270832
916460060,222288.54626165185
916477020,319110.3226797302
921126030,262207.9203117166
923202005,217202.14248255707
923203140,169604.8520327994
923225080,134656.8512583588
923225370,88629.38345481022
923252100,105016.06065491792
923277040,132358.23115935325
923426010,127720.45233503032
924100020,181487.15638774162
526352080,203369.72463682806
526352090,163800.6495917185
527110120,179068.5691371123
527158090,187692.3901100167
527162090,180740.0113013956
527163080,168872.3889717174
527165100,165017.65762668423
527175130,138443.81737995968
527182170,214921.38703303086
527184020,159127.00654598308
527210060,303310.9183388003
527226040,198183.78335083823
527252050,254116.17420910072
527252070,226525.13523625117
527301080,179548.3222835653
527302090,212702.5944730071
527325110,212067.52281592588
527328020,128998.807750014
527359010,202762.9120499279
527359080,194306.20103311195
527402240,168020.99736952683
527404100,106166.7103871782
527425140,109180.22603696154
527450220,115354.44029854625
527451170,145396.43612691754
527455030,115358.94993603497
527455250,112706.99726192218
528102120,279551.00839306094
528104010,360462.5158243083
528106040,366068.7712984857
528108160,276235.56220452767
528110070,308707.6502949787
528110100,365416.67948297854
528112150,270890.3267734317
528118040,388265.8992393104
528120150,301106.15156471566
528144050,323132.64800504525
528150040,297386.4425686001
528168040,317912.0045545617
528172050,242882.92066565933
528172075,243596.8229726668
528174010,218440.05431598634
528181080,223728.5322974493
528186050,253791.9322313604
528186090,249087.45143195614
528186120,289292.16767135926
528188160,222795.73309242498
528218020,198079.7113094083
528222060,178834.75734740766
528222090,185744.73332874168
528231010,249866.00561281538
528235000,183296.5708551665
528235160,228541.33769326727
528235170,236651.4797755067
528290170,189833.87255216672
528320050,447069.64042090264
528327060,365084.27156823763
528354110,281528.0930167799
528429090,304330.55670403014
528431030,242508.9202484911
528431040,298529.1786591784
528431110,293580.1101657481
528435070,268665.5442989531
528445020,235420.3200179368
528456190,197793.51871823485
528456230,194157.82135022938
528458080,204029.63360888074
528458130,311379.1305553135
528477020,248319.50044791063
528482010,281565.36902912596
528482090,283566.74611657055
531375140,174987.1596634167
531451150,126874.82072958017
532378240,102321.7189322753
532479050,142425.12689234078
533120030,340732.7259694989
533130170,329069.1803356836
533208040,214762.46736226094
533208070,156429.69497937977
533213130,174702.67356635042
533236040,178359.77392979863
533242090,246908.27437968968
533250190,241321.65075245552
533251110,289532.43084052944
533251130,187876.43405749268
533254130,149815.53105742278
534104090,215628.373934492
534125120,147282.3892464739
534178010,110783.1145680722
534201040,131972.1598623677
534202030,122690.55427638307
534252110,156634.79414107357
534275170,115816.64510901738
534276180,139196.10598316797
534278170,130339.14491634804
534278190,86095.30004125365
534403290,214443.50358658127
534403420,149998.07737422967
534425080,208911.15861246057
534429030,120882.80217680565
534431020,118554.37597763233
534450090,-8671.142381907615
534453080,96257.00008891466
534475170,201450.1838284467
534478140,165258.4384747047
534479120,125083.49764256482
535101150,182602.29115389974
535105110,171924.0999924285
535106180,123422.48212069705
535151100,101578.21131840716
535151110,126932.78708495182
535152060,117990.70389037987
535177110,205169.10310537647
535181030,186565.9711416195
535181140,148735.73608173145
535302070,101870.87601455144
535327200,109941.435667265
535353160,101868.64132158179
535354050,125451.68141554526
535375130,70745.21837240833
535378080,109541.81277427427
535379110,107844.80021151406
535382150,35300.86654579044
535450220,120963.8317276728
535451040,82649.45810106708
535451110,119414.36786699004
535452060,141159.98157580418
535453080,122649.41567593592
535476360,187901.79669238513
535477130,134009.10332835512
535478040,90770.94091514996
902105110,106613.35471237922
902106070,112528.36243635058
902110010,107909.1708729001
902202070,147059.97273181222
902301030,118563.4731348055
902305010,144364.18063522893
902408080,248475.48844936653
902427040,89689.22448679135
902427180,139248.21794352593
903225040,92844.35510881216
903231180,94835.34983744595
903232100,146766.2100615293
903426010,152815.10925432545
903453080,215523.3988298596
903454010,105215.64266113832
903454090,122392.9271199774
903458060,130150.85872944244
903476100,54589.987751616776
904101070,268829.7346682069
904301110,74823.04795330821
904302010,108281.41024817503
905100080,185508.24247473784
905102010,133109.8313612893
905103110,114787.06834264028
905105040,105373.02742010231
905107140,170201.37171853264
905201080,178007.2476525568
905226080,142606.6283080984
905226170,161960.24548125028
905301050,235958.6532942861
905376090,159441.4820068722
905478140,122832.5933527434
905478220,164012.04750217762
905480090,69523.59503913991
906201022,190280.71234762616
906201023,246582.14601459884
906201200,276976.3231170293
906380040,275264.317818314
906380120,196417.84691670252
906380160,201195.87605122876
906394050,209475.04116631788
907125040,154900.69793409735
907125120,136388.80178154015
907135180,119743.59372323068
907180040,188621.98075606508
907187040,206211.95142485242
907192120,206578.5852754079
907192150,185547.73149127263
907202220,117927.7796367329
907203060,116006.4086328567
907260040,224408.96094426425
907275080,221465.01819943247
907290140,155488.82419047112
907295040,212402.0043275023
907410020,174079.1823879459
907414060,199596.4338064291
907420060,195174.49280971946
908102100,143082.49262380684
908127070,140506.85715422116
908152070,140707.12506843798
908152280,177830.38724394384
908154205,535159.9522054006
908225240,82625.24379621996
908225310,76587.0124949587
908226180,67276.08027647811
908250100,99280.14642089777
908275090,105055.54900713649
909252010,133613.38404522865
909252170,122869.79271775507
909275110,140968.68327773857
909276210,144907.55090404506
909281020,97597.05990344263
909428180,189791.7564648247
909455060,159672.56749183463
910201020,75706.96634496664
910201180,229010.17300962258
910205130,117760.66110480795
910206010,47405.90413737374
911128010,131250.20144663766
911370460,261332.11602761218
914452090,156987.79126884235
914452190,153283.49748932433
916384070,255959.97683749645
916384150,271002.4672416884
916403040,157997.45417658967
916455010,192190.8750408879
916455150,343717.44790511415
916460020,200496.95253062007
917425190,206647.13462289958
921205070,300430.37604848534
923202134,148334.49334870678
923202220,246230.90271091962
923204140,172916.389130122
923225050,147727.6523193458
923228220,83248.55376655332
923229010,145626.48298031613
923230180,101894.8963414678
923251160,166896.2351676046
526302040,104801.88249310602
527108020,272697.79936080624
527166030,185209.98476077997
527182020,160847.20552580795
527190220,223229.8972063226
527210040,406877.12590338
527210050,318946.5257902413
527216050,326607.33652143984
527252090,264385.84023380314
527254070,273454.9042494204
527327080,149194.59274739397
527356020,261182.6324783974
527375160,179583.05433341654
527376110,155890.52555195312
527402210,117289.50822548321
527403120,80674.41736117878
527427210,199418.28135257692
527450080,149027.5362151551
527452290,156499.16156324616
527453070,113025.43445305276
527455100,143734.43009816768
528106010,281290.6531415283
528106120,268065.23198349844
528116030,297469.877680616
528118010,280073.2322418115
528120140,287731.95544237224
528142070,329378.80689762253
528144030,273717.50236258865
528150080,296632.3906148714
528172020,242539.86926852356
528181030,228394.35086984688
528181040,228394.35086984688
528186110,267217.6046975713
528218060,187011.35653823643
528218080,172138.84085871308
528218140,240292.0801137323
528221010,189619.97398794795
528222020,172138.84085871308
528228360,220398.3009168618
528228565,234626.89341670414
528231050,211822.29938297064
528240080,243383.73317497148
528275060,188679.80947472694
528275080,202879.55486583943
528280100,221714.00196347781
528290140,189440.76320508696
528294070,238682.45003620343
528315070,294275.54522533336
528320060,362158.5331786753
528358030,354422.68679821305
528365090,279443.2223064343
531375070,184133.4125384908
531375100,187100.83188465334
531450040,165826.35419011855
531452100,161394.4062242926
532353180,179758.48490643708
532376180,106850.92240432631
532476050,282401.8280015433
533110130,253022.50969437868
533128030,235758.12944703887
533128090,241637.51173920644
533212100,148211.31448587126
533212110,149777.24918248804
533223080,158294.28098565352
533241010,170903.87329817028
533242030,220475.83326074298
533252020,161790.13831064355
533253090,180881.61777415432
533253160,174382.41198134425
533350050,305697.8203973738
534127190,278281.30646388774
534129230,187312.2143333712
534176250,149485.85094854608
534201280,114793.82935696762
534202180,121304.46181577379
534250300,204819.94319028844
534276230,205068.47795433298
534403280,160640.40847846773
534403440,132152.36471781955
534453150,127059.57536784362
534479240,165764.06854884318
535125060,219800.40248746856
535150240,105346.37637004993
535150300,310019.23236453265
535151130,137317.59761582792
535178100,140775.07815613045
535179050,105415.40077295642
535301150,123922.35936225754
535304020,118250.39065150669
535305120,202689.89534657175
535325460,265349.1693757921
535353180,274015.72642468894
535354130,119208.08950737547
535355100,70263.69445171562
535380130,131023.10724100831
535381060,104223.86626110831
535402100,146519.0306855186
535403150,142567.20137591986
535404080,72817.42971249996
535425040,208060.65150643146
535451190,107350.83738472997
535454030,82823.1839287447
535478010,97920.81195633943
902100130,79214.8558182919
902104020,137904.39248242177
902106040,171155.33870155184
902110120,131629.85744316544
902128100,92342.77506095933
902325050,145939.1105441627
902325160,88503.50189231042
902329070,98800.71343520639
902329090,147631.60871808417
902456015,61421.265699764685
903200050,52424.910355301356
903231190,93224.70537209063
903232170,56558.605170539
903235020,27272.793488762894
903236200,97170.07948097587
903400030,52899.63568697228
903455090,118603.73184913502
904100090,205599.8594853434
905100030,175811.78187407256
905200380,87327.07417598451
905201090,184099.5174474556
905351045,148257.9161536797
905426100,146659.2798865989
905451050,252620.78056897433
905452150,133169.0944805011
906204180,253480.4796703477
906223180,207620.674142181
906225180,217557.94594981967
906380150,177637.3044031275
906392120,244554.50636314624
906394010,202899.29830115184
907125020,146779.54847139848
907175030,212142.43512064754
907187010,198592.4214289556
907192010,201220.58474859584
907194130,201933.75000489168
907201160,139006.4741557862
907203010,95861.75273979333
907227090,96632.04487356785
907230240,143454.17942384994
907290080,267039.80721296795
907290260,241423.4949063485
907410100,184980.08337056852
907410110,235400.72284382256
908102320,187298.7560312538
908103320,93170.48453126023
908127050,128390.69939734334
908186090,188699.435665034
908188120,205409.42472086498
908188130,203666.82210872433
908227040,77152.39392643998
908228040,86101.642600107
909101050,71198.40377862973
909101190,168655.07492345042
909201180,98263.87006781311
909250200,93179.64882572036
909254070,138442.29849079667
909275250,107707.77682150016
909281010,192579.8875219818
909425120,251203.64020069037
910203230,29880.414756478393
910207110,68126.73141594752
910226060,125280.19888951993
913350030,195234.41587540403
914452060,210885.84940758065
914474020,206598.2177400929
914476050,149829.21080335474
914476500,248907.77945960284
916402125,159662.21110209578
916403020,186238.66399853502
916475100,290691.6445215639
916477010,304796.4129159262
923125030,140436.29697396292
923203090,169907.01093583938
923205120,149631.35941102332
923225240,129868.27315893021
923227100,154466.62220755895
923228310,89306.6222320784
923229110,197313.6464946774
923250060,152981.55790114636
924100070,177068.92692854145
