PID,SalePrice
527127150,194457.66707918872
527162130,171219.51030778198
527163010,162934.64943651677
527182190,225385.55145648398
527216070,442275.18604140973
527358140,238962.66116993647
527402200,138554.825825386
527402250,139765.62016235638
527425090,82350.18028208619
528181050,214068.88861229655
528218150,197094.79720997292
528240070,224884.70847112147
528250100,136393.70310052452
528358010,246032.30830511713
528382030,228000.3762634211
528445060,253040.59809418797
531367050,229994.448561212
531369060,200172.43106452396
532351140,135968.04870160684
532354090,145405.84680285119
532376160,128524.65390063428
532479070,174392.5380062806
533212060,155009.80653505004
533221090,179864.53837842305
533238045,264919.16753637244
533244030,216951.84878807692
533352170,184535.60306320695
534152050,207340.2582536757
534152070,200892.3311838245
534202160,137791.82594973015
534251320,167132.74108790877
534276360,104171.13139991688
534425310,128405.12550944451
534427010,169669.9666149867
534431050,264299.07634097734
534431070,151539.17131033968
534479320,143680.1163767989
535106190,185034.1881149615
535152250,135712.43683522224
535302080,116575.66004636636
535350030,136905.8301791567
535350040,110242.48531063226
535454070,104260.68658473981
535457090,132485.93314519417
902102100,126879.85905657594
902104060,61356.41844033747
902110090,163548.39871091172
902125080,149208.16644062032
902206040,117782.49874306377
902207140,87152.24397617756
902402010,157897.10104741706
902402250,161007.52348806354
903206120,208225.01266238216
903226160,86350.64524297616
903425110,120234.43771629574
903430080,104521.71738968932
903450110,156012.01184622926
903454060,53827.96656731109
903476030,169283.1241001702
904100140,207424.9959074357
904302260,138715.87572933067
904352190,135405.65897027712
905105200,122549.73774707485
905106140,125947.5260522077
905109130,276591.8847490296
905109170,252016.73894698796
905325030,254229.48219764873
905352140,216090.5156396003
905451320,137780.93385503034
905475510,104576.73311802885
906201120,225888.6018910588
906223090,227648.83753044647
906380190,193497.05122828635
906385020,195223.42190181112
906402200,308472.7430406538
907200280,176814.9435323281
907203070,114302.07337379316
907250030,297812.36742207466
907290040,216184.70223132265
907290170,155210.95995952797
907414030,221133.76595792535
908102060,14404.102710044535
908102110,100428.85979862638
908103350,134749.86391827007
908226130,61790.15723027279
909100080,131537.4112676209
909101070,18806.34075971233
909250060,196056.56417465914
909428280,285592.4893535312
909452114,177817.55943390646
909455030,183306.34188587934
911204090,154159.17402127737
911370510,262092.46557314947
914478110,216503.79141388377
916386020,182465.42646445028
916386060,136355.65832989098
916386090,260084.61788474722
923205015,187351.02282140977
923230190,104242.4945057389
527105070,171900.72923290136
527105130,271502.2859124496
527131030,257047.43043051875
527146010,232156.1765165719
527180100,178752.51589871148
527276160,207740.66235872085
527301320,260941.67291621526
527352150,209977.18048256912
527375180,134078.54597262118
527376100,154820.4038592418
527378140,201264.1439327685
527405180,109188.05167912498
527425110,117909.47479322585
527450280,81259.23560572533
527453060,148121.29674460186
527453140,124019.81108804967
527455050,144797.21165061177
527455080,167047.72491141668
527455090,91358.04001042017
527455280,179308.02136918812
528102040,340537.71073553746
528102140,400630.967094862
528108040,335980.56596189685
528112040,338204.7386977158
528116010,304701.9863907824
528118060,338010.97491232323
528120030,341493.2108211489
528138010,347149.60444491304
528142040,296113.7002304875
528142090,305330.755327758
528142130,304022.67406331206
528168030,269177.99626187293
528174050,221186.5123601008
528174060,218075.97874981997
528218090,176147.1302905335
528220040,195689.43034385325
528228295,226875.63879893336
528235010,183239.0478738668
528240060,167026.03041197246
528250020,185965.8461082453
528250040,164746.4288545782
528275070,244565.60285879497
528280230,238169.60700511746
528290030,158134.44465324594
528290120,189152.2074299413
528290180,156489.91360716443
528292030,273342.7114619373
528292070,231080.5484534487
528294050,132131.52964058841
528344040,313385.04356809345
528365070,302765.40451790445
528431020,263146.11603213777
528435050,278085.6619275875
528439060,242596.45692168674
528441020,249162.18292372083
528441090,422177.75756792916
528456180,198424.50345017872
528456220,194415.4219155249
528458060,205965.5545616199
528458180,228498.34402290627
528477070,239402.2478588433
528480040,260022.5873850169
528480130,195482.5002620043
528482040,254155.03260692992
528490070,196219.90804391872
531363050,139888.68802337482
531375040,185230.79972633187
531375130,149184.8191261942
531376090,222415.54772964877
531379050,234031.6679628024
531385020,211009.63837606102
532353020,104370.90999142072
532354230,87717.78250817531
532377130,122630.7024259496
532478020,284839.44730091456
533213020,216040.04099641053
533213040,153784.0209125416
533236050,203918.3557991414
533252040,327447.2379696343
534127130,180411.4151965783
534127170,183410.94945224983
534128020,204028.62575654328
534129080,240042.7667974615
534152120,173501.78227082212
534175080,221020.02727176787
534177230,201132.79595769706
534200030,93513.79391692465
534226120,105110.77523591967
534251030,187124.13544076603
534252240,149576.680073225
534275060,114175.77336246152
534275100,98866.34880974265
534276040,83727.68467468902
534400290,168783.72344471002
534451110,99731.43769585177
534475185,171627.36807950676
534476320,112578.01914670005
535126010,217563.68557372072
535154130,137996.02474675915
535175030,157835.15772110198
535175050,136802.62935804547
535178040,118475.31103890596
535179160,133468.8245129538
535301170,167426.131021832
535303150,109131.12211928701
535325290,114633.58451432621
535354070,122011.4216200388
535375050,113662.98122073115
535381040,143423.6133516246
535383060,99153.43399871982
535403190,161938.2191192632
535450160,41828.25815328071
535453200,124871.56571142125
535475010,160914.23477621487
535476110,150396.8415758746
902105060,128147.29763974759
902106010,141005.7552254246
902109130,172785.9929638458
902134120,113915.87374645301
902135020,150124.57512095087
902201110,108208.68246694625
902300090,80683.96306107045
902301060,141069.1872928572
902327070,166345.53393571803
902329080,117670.36645850986
902330040,197785.52554561137
902401130,137889.0069671484
902402150,53634.060614527116
902405100,155627.41480095254
902406070,141998.76788304053
902477120,44262.11677177681
903201020,137723.65500387424
903202170,131902.74612692487
903226130,100597.08108503783
903230100,106265.97864736461
903231010,137587.43617725154
903236040,127661.68580016818
903400220,169470.80377560618
903427120,135801.88286916632
903475100,111583.550340108
903476090,97190.92050578019
904100190,106496.23271731437
904301070,112385.35241266864
904301375,70166.19894843994
904351200,84905.5623525794
905200260,120303.94586899687
905200350,149089.41182591455
905325020,223335.37284961445
905451300,106664.67283629446
905452040,155497.9282375481
905475160,136594.18974002375
905478030,134673.8262318683
905480030,90167.86047733955
906201050,186269.33164054537
906223210,230699.34492443776
906226060,181104.2690783187
906226080,181644.5603098178
906226090,162343.43906929606
906226140,107555.30135176751
906340100,351871.51614474645
906378110,250591.93085109547
906380060,297324.9510320229
906380100,270491.65886542515
906380220,212863.47358721108
906392130,192687.86481332712
907126050,131992.45364614995
907131090,215852.5004775392
907131190,192230.83117503746
907135040,155941.03122535575
907135170,125932.58467700827
907185050,183714.73674789927
907192030,201710.57406424763
907194110,212320.34043087348
907196060,227335.9083021219
907202130,171656.66205929598
907227080,110942.29422096522
907227110,126835.45337416636
907252060,267743.40059740137
907252220,245342.06861110526
907265010,218431.79634067154
907275090,225521.160800001
907285020,213411.2552872651
907285050,201471.47699230502
907290070,180551.29311162457
907412020,201453.41059793776
907414080,176886.23206549097
908102050,78132.33139561227
908152100,142663.97688253433
908154040,330951.5438622896
908225370,45381.67345676699
908229020,103837.97404672582
908275040,157175.7366996716
908275110,140337.0895293734
909101010,118707.2128732272
909101140,126229.02588884364
909129090,98143.74870115994
909179020,211033.12969722287
909251170,135944.02333811234
909253180,125375.26088397679
909279010,197896.2228307914
909282130,129974.5037503927
909427200,152079.39702081154
909451040,105456.27806986847
909451140,135895.47181916537
909451180,135658.24346491034
909452050,187218.53991727097
910204050,144805.62564618615
911104060,43242.376739273954
914475010,122624.29386784387
914475030,187361.74934652683
914476020,125644.58914384994
916386140,223904.4044878214
916403010,184163.57996802463
916403250,184922.29400094965
916460110,219583.93797854352
916475040,359505.1350068401
923203110,167215.3552920833
923225360,95464.04903754531
923225490,96274.4106888362
923227080,152509.1514414689
923275040,168165.72455561644
923276260,151060.74209913466
923400025,158881.81733437488
526351030,260032.58575620363
526353050,243042.71828873947
526354070,215894.48565826713
527106150,180751.2588385658
527127140,276309.69470427005
527140090,193688.42368992144
527145090,184800.53973896685
527165010,170523.80938404758
527183060,198542.03275288432
527214030,357734.23632198793
527226020,153268.05893886345
527252080,325613.93128354213
527302050,185410.1824483292
527357110,118121.59027033395
527380240,290758.3763172546
527402060,157058.87963644735
527450110,80467.01230434992
527450520,93004.91700101802
527451060,83681.90697533503
527451290,78880.98061508563
527451400,65221.253624167235
527451550,96360.8783643778
527452150,133573.3297249903
527455270,97469.98511500297
528104080,400103.840904649
528110110,393488.9982413128
528118030,370340.1290704981
528142020,304416.01104586234
528166120,352044.03015395545
528178090,360834.6729806735
528186080,342389.1820203174
528228345,224678.73091929074
528228445,210664.97917166396
528235120,150675.35872878987
528240050,206757.4337824112
528280130,190436.12788878812
528326030,279000.8406778998
528363020,317401.29157588095
528363110,319970.6501358328
528387050,259820.87886085903
528431080,216170.9501892506
528431120,260501.086372471
528458050,216219.7404068845
528462040,219903.2864000627
528478030,265342.7630594459
528478040,253264.29280092355
528490080,205549.94532947917
531363060,130117.81211728317
531373060,213101.31598719326
531375120,162210.72504308724
531376010,193247.67244324886
531382110,191947.0895782528
531382120,207987.09938472245
531450030,193352.2565601396
531450170,193154.56534044916
531452140,176487.60964179295
532351050,101664.25202369252
532353050,105700.07861597395
532376170,83736.89262176487
533206050,204469.01384162717
533208080,160561.55990592827
533212050,150368.8559821077
533212140,170881.09928627868
533212150,171203.48653693293
533215020,244819.71982858374
533215070,234891.10123287584
533215080,272474.07155977516
533217050,154525.52757310827
533234020,180990.7855212554
533350090,304967.3016652002
534126090,196874.41630447563
534127230,201281.1252452596
534128050,178411.84215897022
534129060,206816.05717816568
534175140,176483.29621745186
534202130,141607.6946614107
534225110,180670.69016309845
534225120,182535.29322587504
534250010,184892.94458496096
534403100,157858.10983340995
534428020,117111.40150608814
534428100,133776.38913046202
534453140,67493.92878376864
534477090,150153.05314740512
535105030,132019.53481139874
535126140,234012.2508779043
535150210,122655.77162085763
535151160,146536.9615335757
535179060,172214.87469518202
535302140,98162.64375739629
535305160,68556.67224876354
535327230,83981.51982862093
535375160,105520.01073614771
535402120,176295.80811066518
535451010,126680.27469920933
535451050,136641.90758116945
535451230,48058.49686745458
535453210,141855.40871081443
535455080,97050.15201212963
535455090,104106.18701022372
535456100,95778.5284973515
535475020,166104.9096887486
535476370,160620.235787883
535477090,110392.99312030015
902100030,93109.36383420527
902103150,138299.7941346248
902105010,83045.37532889236
902105020,280289.6366325335
902105130,62614.954267553796
902107030,138918.58825493965
902306120,174802.44495699857
902306130,130170.97522554269
902406020,108423.35433598162
902427150,117778.44289742061
903201030,145100.8360534269
903204095,79558.68416309416
903206070,142369.69544739276
903225160,108428.66947566923
903226060,167232.6759365874
903226150,91390.56369810879
903228040,136891.3241007845
903230110,108518.36031613524
903232030,28979.02141585783
903234090,152751.83281544122
903400180,180116.69075297884
903401020,131533.88038141592
903453050,129902.70400603476
903454100,134644.9977403326
903455030,81473.65450840205
903455140,116693.23676018571
903456130,103833.75387587781
903484020,117718.49984398755
904100160,109069.16320531767
905104080,114955.75471449914
905202230,208071.31106455208
905300020,164545.63757810308
905401045,212322.66539417955
905426030,195103.06418044463
905452120,156440.82033477206
905477050,137021.15433160285
905479110,110822.53571824695
906223140,235596.13767550365
906380030,266402.54321286606
906412010,366109.1117799731
906420130,243806.71371855505
906424010,239078.01285779424
907135260,145308.2357152016
907192130,236085.9323738236
907196050,223147.3286882194
907201060,163502.4801056763
907227300,108269.67465551863
907251090,259848.13822027761
907255020,271648.5225268547
907255060,298302.37564062857
907285080,209750.71086673895
907290150,159694.61726738952
907295020,201777.68084113038
907405020,226220.79807599157
907418010,250266.82023663592
908103280,138620.3394010117
908128050,149971.4249072724
908151040,150726.91641012736
908186040,152275.38460917922
908201120,120053.67929925112
908225170,71672.8210991776
908250040,59350.6730759068
909101180,90361.14315362467
909131170,124879.286028932
909250230,169077.19813208882
909275050,142678.10173096095
909276170,159251.5522519944
909281110,171387.22584102605
909425085,208741.22918173193
909428190,258325.19220645638
909451150,149782.22427971946
910200080,97351.06669938502
911102090,80468.86953189054
911102170,63835.731034397206
911370490,315293.45668259764
914476010,148324.31566089916
914476450,210966.07202052564
916125425,325197.055233776
916380060,253826.89751277072
916403230,229491.63546474214
916460060,246673.51916768163
916477020,295725.81208669266
921126030,269937.7273252838
923202005,177568.93975694943
923203140,164374.16656628076
923225080,138840.79640168024
923225370,111857.8939167539
923252100,101012.4582399297
923277040,127075.67050809276
923426010,116309.01774885732
924100020,163853.65324065555
526352080,198625.42269475077
526352090,148687.12225558062
527110120,179857.80840187022
527158090,166555.05428062743
527162090,159151.95019529
527163080,154255.7811205426
527165100,143323.7631746168
527175130,161937.25691363594
527182170,223520.57369497194
527184020,173767.8907718092
527210060,310014.80704292725
527226040,204384.29445357114
527252050,265773.7608213337
527252070,237680.3449262597
527301080,221306.27007370268
527302090,224481.9060869114
527325110,207786.20955110234
527328020,153898.87855180664
527359010,212142.86141221737
527359080,212833.94256821607
527402240,171415.81829931872
527404100,100597.65530910568
527425140,110251.15092172413
527450220,101367.46863971914
527451170,109790.43475708626
527455030,133515.1351995749
527455250,120151.01400896588
528102120,290143.8721062368
528104010,347613.8697982107
528106040,406464.65516801446
528108160,288095.7580718072
528110070,313481.0807280791
528110100,414388.7696457613
528112150,264459.9925254149
528118040,384885.08896905463
528120150,320697.33695432066
528144050,322255.2965659758
528150040,358213.62016770965
528168040,285911.81316825503
528172050,250021.3271827714
528172075,245947.36874886104
528174010,224321.15642377487
528181080,210737.59266932157
528186050,308977.80843177007
528186090,303608.69390895823
528186120,345356.40525432036
528188160,215923.19869412243
528218020,197067.12943747567
528222060,193188.06890788427
528222090,194847.642336078
528231010,251164.26940773206
528235000,170116.30387921463
528235160,237165.06527178877
528235170,243980.65025703973
528290170,179387.29499833577
528320050,495975.6332889871
528327060,452142.2987986681
528354110,297969.2192264311
528429090,349716.9807396263
528431030,238970.1982873543
528431040,394447.77328180615
528431110,309766.56125955784
528435070,262179.70885209064
528445020,231479.72780584625
528456190,201267.90857230363
528456230,200609.26095471988
528458080,218043.34604377588
528458130,296696.43177981826
528477020,257408.13743153686
528482010,277825.24858044286
528482090,292407.949763304
531375140,185504.73271967322
531451150,117101.68872156549
532378240,105893.73081109232
532479050,155385.9374710019
533120030,351915.83326959354
533130170,332873.3877953952
533208040,211346.32658884316
533208070,158689.07404111561
533213130,159436.03323259755
533236040,180267.17412456288
533242090,258810.2476524813
533250190,241825.78941618872
533251110,317930.12556064635
533251130,220075.11536771734
533254130,186544.89217862778
534104090,232849.58239510024
534125120,136456.9449752959
534178010,110867.73885886862
534201040,123812.33018087983
534202030,127310.48249015688
534252110,127459.19614534109
534275170,129908.29099156643
534276180,100949.93366830048
534278170,142621.4299899321
534278190,106016.35653863507
534403290,206939.05973075685
534403420,145938.36469425942
534425080,191069.42395175685
534429030,84369.16210705308
534431020,117524.35013788339
534450090,18546.33582862708
534453080,105664.87446819367
534475170,193815.3903715824
534478140,147790.4078244728
534479120,122202.78472739208
535101150,175683.18876877372
535105110,165848.19841631985
535106180,129531.82887184786
535151100,113643.35536753955
535151110,140573.44921445075
535152060,116525.83672733567
535177110,196420.11080980304
535181030,181398.03734902033
535181140,165230.4972423506
535302070,107543.97109728222
535327200,131130.83526935603
535353160,156357.55211476196
535354050,121190.67361550301
535375130,90083.31482599628
535378080,129291.71682574286
535379110,151960.57636158375
535382150,75015.23580066302
535450220,111203.50175323641
535451040,104717.42669747808
535451110,128847.0030857891
535452060,137682.75894074643
535453080,123690.2620907233
535476360,197694.0745097631
535477130,145558.394371009
535478040,103256.3454111858
902105110,105616.1422125403
902106070,120625.61445309866
902110010,98936.73742469813
902202070,163427.10520529
902301030,134684.18221404694
902305010,120073.70716478956
902408080,229584.05249809517
902427040,91775.08978367176
902427180,111199.53419625193
903225040,100146.34671148809
903231180,118734.0729531779
903232100,147565.6194009189
903426010,129484.02157355643
903453080,210458.99765568407
903454010,104770.25764056275
903454090,133047.68956006132
903458060,134156.56388078936
903476100,71158.85861914234
904101070,209938.6832972573
904301110,92530.67459421535
904302010,108853.4524959692
905100080,190056.9956893418
905102010,176299.1039566767
905103110,115045.27247430144
905105040,103916.98502433058
905107140,138519.91299014725
905201080,159917.50727444649
905226080,139387.450284031
905226170,156848.3334027997
905301050,319803.24534298474
905376090,136985.67577545161
905478140,160722.0905957178
905478220,160513.79097413318
905480090,119841.03595204705
906201022,205452.9238164773
906201023,254873.61904252513
906201200,295349.47985932516
906380040,276233.9272213259
906380120,200403.24289442998
906380160,211092.0360351267
906394050,206907.40724662854
907125040,154426.08194183366
907125120,130501.73072774598
907135180,119193.27564427405
907180040,179638.85560732696
907187040,231318.65171745344
907192120,223842.74304956076
907192150,195234.70158835768
907202220,110901.82085243607
907203060,100771.6379573127
907260040,224145.07736067212
907275080,239898.94968640362
907290140,160925.50398951492
907295040,226581.51902764273
907410020,180030.47917609703
907414060,217565.77929615445
907420060,191875.52678026757
908102100,147551.4448066146
908127070,133571.8180396791
908152070,137000.3261497504
908152280,162092.67793791028
908154205,632634.5711776773
908225240,89833.01182905953
908225310,98995.45075910544
908226180,58390.76697982747
908250100,94114.82415165404
908275090,126080.82486769398
909252010,173073.94648206743
909252170,126584.43662070042
909275110,143027.05593458697
909276210,136157.5340759982
909281020,94821.39641623732
909428180,183282.45837557918
909455060,143740.94194296654
910201020,87705.44597954715
910201180,169396.1268121792
910205130,132643.87096724447
910206010,-3448.6171655404323
911128010,135160.24574968423
911370460,256821.18280813337
914452090,174262.6279984943
914452190,126830.3068692699
916384070,262374.60067505384
916384150,264633.62812842085
916403040,171276.8187234374
916455010,219281.73932211
916455150,326547.00399096875
916460020,233159.74225333065
917425190,225834.36762295588
921205070,289766.639415086
923202134,138236.55330170706
923202220,191326.39519718036
923204140,185698.9024847084
923225050,149284.12249062557
923228220,87416.61314510483
923229010,156349.97930670547
923230180,127466.34955820449
923251160,163867.4117578344
526302040,117313.75411209434
527108020,267617.04579055915
527166030,174241.56863393157
527182020,145538.63393021008
527190220,250473.28439644183
527210040,466593.8586174003
527210050,299209.4548193776
527216050,394382.3866624476
527252090,276372.5573295591
527254070,281913.04174118565
527327080,171426.3786794692
527356020,260112.61585018548
527375160,158684.84109043618
527376110,163681.0398025162
527402210,123857.21668914796
527403120,71625.68219459297
527427210,214099.6514566308
527450080,119883.85614042217
527452290,163646.28602245063
527453070,119509.36554444258
527455100,145870.96100261173
528106010,285677.1386251079
528106120,277278.7362987046
528116030,310360.00882133865
528118010,309372.9735877212
528120140,347115.89146235446
528142070,324160.87604484713
528144030,268756.6466069148
528150080,361810.39026255783
528172020,258182.47941939032
528181030,223606.4892061349
528181040,223482.55259798243
528186110,315941.76601562556
528218060,186338.71755899634
528218080,177683.8656098183
528218140,244232.87865672074
528221010,206146.0606342968
528222020,176798.82136509768
528228360,228701.82882355322
528228565,228194.66588610777
528231050,226728.57715976363
528240080,255119.51218263176
528275060,179569.39427093425
528275080,192717.36205557134
528280100,213357.1422242123
528290140,182818.67024305963
528294070,251974.88253688032
528315070,278290.2187167649
528320060,421526.01372988085
528358030,338628.0943601248
528365090,294750.4979978099
531375070,189352.49241899667
531375100,171691.6216800636
531450040,177839.4375556219
531452100,177967.43562734118
532353180,172130.3497232167
532376180,113508.8901758335
532476050,291473.4324239276
533110130,275179.78482132405
533128030,257892.7336795586
533128090,248431.02519385048
533212100,125489.72174539653
533212110,151152.03409241125
533223080,163927.14372513746
533241010,191413.35298879194
533242030,230482.7855216725
533252020,198691.43451619186
533253090,194045.01795341095
533253160,194198.85600847835
533350050,351041.117817773
534127190,259298.0726350827
534129230,159465.44967640014
534176250,136107.8943587467
534201280,121827.04485391601
534202180,156882.36185454868
534250300,189711.13779112947
534276230,185215.78960488804
534403280,166021.41960540425
534403440,142457.8256702036
534453150,150146.41049134545
534479240,141377.62726306386
535125060,212597.57585485783
535150240,89544.28118171004
535150300,302044.09614557587
535151130,149148.78494124368
535178100,161183.43589460663
535179050,119522.94895287725
535301150,130101.08737489354
535304020,118191.90626622742
535305120,165193.6741965922
535325460,233388.14473630095
535353180,244256.19217923973
535354130,130938.13024515161
535355100,91816.5873697585
535380130,170172.11627914384
535381060,106945.33364711932
535402100,145987.84597841272
535403150,135141.77753984404
535404080,95150.50084838372
535425040,181380.4291395056
535451190,96754.74162396889
535454030,38779.81402285263
535478010,108737.47091146375
902100130,83617.05627236771
902104020,137511.844329961
902106040,162057.1488850997
902110120,175058.96986912302
902128100,131118.94116701355
902325050,176374.83638358524
902325160,84785.60972051334
902329070,100472.39422304441
902329090,175126.5338821536
902456015,89496.92357073595
903200050,66663.07005044467
903231190,109256.50942749473
903232170,42589.9482406225
903235020,55588.87885164542
903236200,100742.39857598551
903400030,62068.513091526824
903455090,121115.01748834489
904100090,208748.6223554079
905100030,162673.81429902272
905200380,90851.43683769685
905201090,165677.45221231843
905351045,164296.39340335928
905426100,156972.1579784241
905451050,170771.14095851156
905452150,139544.21428846536
906204180,262727.0545039083
906223180,215197.26638384673
906225180,248729.6415673361
906380150,195456.3047861121
906392120,263571.2504884617
906394010,222539.41906840706
907125020,168276.27389627564
907175030,231839.76329840696
907187010,222903.4018983772
907192010,214623.20463658983
907194130,215438.2989102341
907201160,162029.94821647095
907203010,107700.62140450359
907227090,116677.87182614027
907230240,132586.26886364084
907290080,265892.75774764514
907290260,257978.47217219378
907410100,203678.3496502494
907410110,246348.81299161873
908102320,177532.4562880972
908103320,103959.03605221982
908127050,143079.28988455998
908186090,154945.23054950987
908188120,173574.37384788733
908188130,174144.28075573966
908227040,44150.95176367197
908228040,110918.3965549845
909101050,99749.95978846926
909101190,153953.9453744201
909201180,128027.44315670856
909250200,129416.13864394906
909254070,166337.382282497
909275250,110881.41638152783
909281010,233100.39887143817
909425120,222528.45331415854
910203230,54521.47260785263
910207110,93836.72262518146
910226060,139616.0840224112
913350030,229018.06565064244
914452060,183237.78133672176
914474020,226042.32065524827
914476050,153301.8685489788
914476500,228777.05473659936
916402125,166145.42627216323
916403020,176151.54026220113
916475100,307413.8545934963
916477010,306869.7685702421
923125030,100806.27840014356
923203090,166694.74468039843
923205120,148122.6144265499
923225240,134277.66127008334
923227100,158278.6741560564
923228310,85472.18565692675
923229110,198509.7317227041
923250060,143348.62403726444
924100070,189183.75971461998
