PID,SalePrice
527127150,211052.26194315855
527162130,213021.62785392423
527163010,183262.09512427528
527182190,219901.92658412547
527216070,412792.44595115434
527358140,255526.2988005712
527402200,141221.6555894761
527402250,149269.4836611745
527425090,82805.2216924932
528181050,213979.09359305937
528218150,203971.30582285105
528240070,213949.44583594552
528250100,154259.27838510633
528358010,253061.34424354866
528382030,234114.86903053764
528445060,268235.211237778
531367050,244268.45860066454
531369060,201302.87038541728
532351140,166121.41652331917
532354090,154702.6832804904
532376160,107541.95896066933
532479070,193613.4720111619
533212060,149553.67932362307
533221090,176566.86048090475
533238045,260146.83959450995
533244030,227268.60528805509
533352170,162969.490774872
534152050,221578.65254670044
534152070,236336.23332977708
534202160,163442.59344068338
534251320,179838.08299941075
534276360,107750.20568743435
534425310,136381.29368317485
534427010,192266.62644228316
534431050,238328.75227238052
534431070,160142.2719832738
534479320,142875.66223806565
535106190,225733.48812226023
535152250,153592.47572877552
535302080,112537.03088060394
535350030,138289.99169795457
535350040,104421.61874050756
535454070,159543.53837669437
535457090,151164.60265859537
902102100,117878.31019375303
902104060,50795.72821330612
902110090,173731.02516300944
902125080,117579.52747898444
902206040,127218.90080223305
902207140,74638.68119090948
902402010,169838.72954350786
902402250,169189.79823217247
903206120,182550.83332749736
903226160,89463.95534154016
903425110,143531.5397033493
903430080,89578.85093528243
903450110,109817.27545763527
903454060,25993.47592485402
903476030,130792.49852998281
904100140,225213.88230309967
904302260,109804.37112047443
904352190,136594.0781467136
905105200,110587.76594751592
905106140,130861.54793145233
905109130,269405.1160450035
905109170,223795.66259665327
905325030,218593.98819236457
905352140,226149.9556756444
905451320,148934.20856942836
905475510,170115.44568716668
906201120,212382.80168540138
906223090,231337.4488862832
906380190,196665.25159689834
906385020,201202.64800274398
906402200,359595.35260453186
907200280,133920.23908914693
907203070,120318.59182036656
907250030,314693.4063394482
907290040,251090.70147193427
907290170,133402.50275586877
907414030,216127.4413867478
908102060,20875.439011624083
908102110,84057.93139813688
908103350,138201.54428732267
908226130,78249.93151572738
909100080,118961.2712175447
909101070,58473.25550704489
909250060,196719.56293066154
909428280,260770.92291955286
909452114,180558.18772916857
909455030,163369.85563818054
911204090,107982.58378772292
911370510,245486.61910782865
914478110,289850.8588983483
916386020,195849.70840808257
916386060,152120.00976228138
916386090,240499.69766725638
923205015,209260.63065549455
923230190,108037.11517057265
527105070,194492.39375969942
527105130,269401.8344399254
527131030,239498.6008773667
527146010,249607.17029222363
527180100,212811.6815910366
527276160,216321.19454229035
527301320,239940.1034548721
527352150,219755.3569661925
527375180,159715.94067710856
527376100,173103.28543505448
527378140,214004.5853814492
527405180,113054.87413989869
527425110,120435.6962414007
527450280,90939.84644791661
527453060,159933.2945541789
527453140,146783.63382831233
527455050,164645.66456870353
527455080,161161.49763102914
527455090,110876.6771094525
527455280,147118.23727049743
528102040,253853.91194503556
528102140,361738.59447710216
528108040,338528.3087351704
528112040,290680.4535986242
528116010,299018.92210112436
528118060,324235.32717975765
528120030,295777.80813048175
528138010,300263.6193746728
528142040,299611.88158683263
528142090,298587.40135439916
528142130,346475.19098838884
528168030,288302.21140474983
528174050,204129.96770596536
528174060,204362.65188536936
528218090,176109.59033703772
528220040,174513.05955765073
528228295,238262.22227569346
528235010,173566.92178103153
528240060,166676.7498244331
528250020,179888.97003515277
528250040,163776.6173831568
528275070,249546.4368799046
528280230,227048.96355665303
528290030,153642.34139258898
528290120,210301.4065242852
528290180,176093.9441661662
528292030,279315.8397331319
528292070,228545.5378571393
528294050,154284.49544452692
528344040,321149.3033427942
528365070,304667.08197501046
528431020,289218.87795812567
528435050,281653.79627554835
528439060,223026.38517823681
528441020,249595.43099025887
528441090,380324.6787011351
528456180,228737.5418494146
528456220,208080.11271703403
528458060,224128.384686884
528458180,232005.09239087364
528477070,238770.26037602389
528480040,273860.59141871217
528480130,205103.73488227444
528482040,264682.61054370506
528490070,204848.49427088583
531363050,145153.89506692608
531375040,185371.42031755426
531375130,176797.42931683254
531376090,241752.61182124284
531379050,237317.6485824618
531385020,219506.91240721586
532353020,124336.27095933442
532354230,107535.52571535244
532377130,120617.60791523513
532478020,309741.6972844133
533213020,194814.2643653493
533213040,168039.04012310205
533236050,209846.37135832867
533252040,251282.16786148882
534127130,204369.92648742182
534127170,199097.4814844873
534128020,229924.04884213026
534129080,232514.56025500497
534152120,195141.0030366748
534175080,250589.62632433805
534177230,202828.88034907432
534200030,102785.3111228257
534226120,117006.71751099263
534251030,181699.3784061265
534252240,181443.1744826568
534275060,106838.59005430494
534275100,98469.81290170083
534276040,102428.47874286034
534400290,177228.8866466185
534451110,112343.82032161264
534475185,196523.06190656053
534476320,122792.36674174668
535126010,215144.75179176702
535154130,118028.98899711309
535175030,182949.98521604933
535175050,148089.39715359046
535178040,139609.7636456073
535179160,136016.84588123224
535301170,164388.6213919006
535303150,118513.45381566105
535325290,135046.27956116106
535354070,133141.35774070764
535375050,112368.99054616163
535381040,216392.1198267273
535383060,11720.785411853547
535403190,125473.16624136004
535450160,67657.73960250354
535453200,154400.6284234632
535475010,180676.22084452322
535476110,137184.77263872526
902105060,74117.21848788204
902106010,134153.78405892197
902109130,99146.43136957214
902134120,87404.31574901454
902135020,117106.48102807606
902201110,118628.645175672
902300090,82636.2440203879
902301060,128664.29470449322
902327070,154592.6069862944
902329080,89407.36515514195
902330040,144162.90515090182
902401130,120451.90980144037
902402150,87506.4882209248
902405100,153416.13260022254
902406070,138500.00967261952
902477120,32981.982474620105
903201020,127638.84083643623
903202170,110621.09611457778
903226130,97931.15637461809
903230100,135711.47268938756
903231010,153756.30251965794
903236040,166922.13606026673
903400220,183086.20667636994
903427120,167820.23870728601
903475100,98846.94967559035
903476090,128694.86810669594
904100190,52789.44436778917
904301070,138692.39094161638
904301375,33153.489556797984
904351200,105294.88268122514
905200260,157279.17184289912
905200350,154787.6405642003
905325020,197487.02756976656
905451300,125793.62987912909
905452040,140233.32225392142
905475160,120461.45036161822
905478030,150628.532644838
905480030,100956.84669360447
906201050,162913.11350315853
906223210,239670.4305916155
906226060,125079.38107724971
906226080,164109.12359817416
906226090,192348.94302956693
906226140,128965.82730204516
906340100,294735.51099462685
906378110,255385.4734950374
906380060,278599.44186157046
906380100,287751.1075698881
906380220,223828.7880039798
906392130,171786.1161958995
907126050,143298.71808996273
907131090,198072.75650708907
907131190,224961.41902342075
907135040,173685.62338614807
907135170,147819.1759474863
907185050,205842.1198255553
907192030,198857.83333187908
907194110,226347.9667886944
907196060,232004.49729638235
907202130,157762.38324443775
907227080,128839.86030824552
907227110,98277.07828506145
907252060,259503.8292092324
907252220,247385.66591577893
907265010,227082.6985893839
907275090,223829.78043408258
907285020,243455.3719673743
907285050,203238.30165214883
907290070,193390.31125439762
907412020,211241.49387029558
907414080,181153.92750981989
908102050,84487.54841436041
908152100,143195.3763252666
908154040,282686.1547354611
908225370,90685.42030618852
908229020,53820.78800783657
908275040,182743.61342290073
908275110,167971.16778332504
909101010,110248.18348750254
909101140,170707.2299907498
909129090,108024.82030608736
909179020,271799.0857172384
909251170,135884.54477663056
909253180,124190.2743203232
909279010,221989.57505642332
909282130,132025.2157678683
909427200,133747.65787693596
909451040,113841.26373856478
909451140,130569.04548447303
909451180,130377.15726822987
909452050,202671.7580202153
910204050,168596.3882497394
911104060,33043.7450008569
914475010,122951.1182900121
914475030,167839.76565257434
914476020,150636.43194116064
916386140,238124.1738043225
916403010,207908.0636821274
916403250,230264.91100361926
916460110,230003.20139477914
916475040,300444.32418258744
923203110,175076.39481647845
923225360,84623.80754795666
923225490,104518.37994314519
923227080,179910.55004469524
923275040,160352.71483055648
923276260,142340.19133690326
923400025,165731.93946285182
526351030,181766.36787789085
526353050,244025.91690756864
526354070,221245.90573585738
527106150,196461.96097760386
527127140,248832.18045063037
527140090,199873.2024547159
527145090,194311.28157788434
527165010,191320.64430081664
527183060,197861.46034057892
527214030,300321.17456764367
527226020,210607.10045402515
527252080,266008.4016929798
527302050,206383.67580983468
527357110,141063.49789379467
527380240,292361.33008632617
527402060,144932.6813291681
527450110,90939.84644791661
527450520,95349.02276310348
527451060,90176.4189855987
527451290,89763.30558313185
527451400,89763.30558313185
527451550,116808.76764740235
527452150,146919.27875490196
527455270,103210.29846155964
528104080,346002.00014815934
528110110,367309.98587048973
528118030,368315.2007872093
528142020,254338.44464906276
528166120,338456.0731911253
528178090,353088.7029403178
528186080,262380.8757818195
528228345,227514.23387917175
528228445,214081.47433417413
528235120,186094.44823732425
528240050,197824.79067549325
528280130,207785.20327769197
528326030,282343.7655377262
528363020,299932.21477582224
528363110,326291.6699531559
528387050,251937.5506148938
528431080,225206.57816250785
528431120,272309.86986101954
528458050,214435.6129531883
528462040,220650.7817543421
528478030,247807.0957614547
528478040,261326.81714486447
528490080,212118.0631990473
531363060,139092.02295809914
531373060,201413.72191638607
531375120,181364.72419705847
531376010,194106.5473895819
531382110,192954.63036591315
531382120,231303.90133218767
531450030,199008.28808007936
531450170,194230.13164248428
531452140,180116.87490461362
532351050,120801.53125128889
532353050,111717.16339174433
532376170,107251.9500861797
533206050,212448.47588124184
533208080,165268.3479954166
533212050,147444.13212215915
533212140,174290.91655288558
533212150,174551.68771854936
533215020,246166.0844273033
533215070,235450.57421891033
533215080,255993.11751790644
533217050,149945.3084865047
533234020,212893.62947208167
533350090,329775.8294787655
534126090,215248.965906755
534127230,234768.52181374555
534128050,176461.20701444984
534129060,229125.87347959017
534175140,212311.307842682
534202130,126698.75841858645
534225110,231238.77417049825
534225120,232486.6626024129
534250010,221844.66359398162
534403100,177500.0106296252
534428020,128007.50405125297
534428100,130715.79689148706
534453140,50033.19069969893
534477090,115519.91116552343
535105030,146431.38489997946
535126140,215029.1344475816
535150210,122599.63285267045
535151160,150756.24223082766
535179060,181826.756323279
535302140,118705.43918370975
535305160,79395.4280441254
535327230,128276.77641074991
535375160,90805.4657000958
535402120,176980.08298406875
535451010,72616.01379723627
535451050,112882.28254841865
535451230,76176.52608813568
535453210,150152.8833182041
535455080,110245.85245035675
535455090,123187.4764386226
535456100,92351.3344056372
535475020,178977.10454136133
535476370,164257.86184764953
535477090,130052.72504124677
902100030,74284.29712240404
902103150,129861.79367453168
902105010,92784.54366183438
902105020,267307.8433355114
902105130,58091.71039555392
902107030,108452.53469596349
902306120,78452.31697763145
902306130,120695.54179058225
902406020,114643.78331476099
902427150,112754.48400232635
903201030,107441.57763973961
903204095,80359.0156304091
903206070,150934.72678806866
903225160,73947.91318741288
903226060,149150.55302084994
903226150,94095.90828209215
903228040,149907.61975065205
903230110,83936.36867001606
903232030,35991.390134863905
903234090,181043.47803996142
903400180,159686.0417447197
903401020,159632.82426315206
903453050,140678.98718691478
903454100,197592.93373207105
903455030,114123.25653563954
903455140,107965.0919245886
903456130,106356.09810211958
903484020,103224.20635150182
904100160,120379.6857830211
905104080,111270.26247950879
905202230,189179.8731713552
905300020,149497.8724425155
905401045,196910.02880927388
905426030,159550.63252917572
905452120,117530.96910828231
905477050,93567.00926576139
905479110,129044.2967156918
906223140,233890.93529052014
906380030,271275.8797758177
906412010,387289.28022669314
906420130,253098.47669092735
906424010,244262.34627658015
907135260,159162.32812994358
907192130,229537.39874170703
907196050,219879.94814875917
907201060,125626.0245790676
907227300,97360.38793836636
907251090,250334.6634788285
907255020,279703.8743924849
907255060,284731.3741819127
907285080,216232.3208351405
907290150,133402.50275586877
907295020,220944.23498058968
907405020,232703.21854744013
907418010,259312.57337299336
908103280,157389.35476943234
908128050,160376.0990738088
908151040,157938.51552878
908186040,143580.46660684462
908201120,147219.70969607815
908225170,61081.49737434894
908250040,50002.94166152339
909101180,104896.13203777136
909131170,123206.02970013335
909250230,176698.42882164492
909275050,126983.77431521505
909276170,134321.4705117351
909281110,185746.55723240835
909425085,209834.7288479735
909428190,222810.61190066006
909451150,161771.98103624865
910200080,81695.68659866143
911102090,50133.09213599714
911102170,87961.8782956405
911370490,247524.02045803284
914476010,175141.40836260255
914476450,228745.89415900843
916125425,315278.37989705533
916380060,257091.18016365386
916403230,219413.2816613883
916460060,238174.65216434767
916477020,301707.2443400201
921126030,271814.00501932396
923202005,225991.50298953312
923203140,171484.8754844303
923225080,141649.25498778466
923225370,84623.80754795666
923252100,103078.76856608504
923277040,136439.53170773006
923426010,130870.0420168152
924100020,197764.3016631726
526352080,217669.40281868647
526352090,181713.12734263146
527110120,190866.01224381276
527158090,168507.23367753622
527162090,184080.22728670918
527163080,175858.11104103902
527165100,153948.6450601913
527175130,165802.70391121073
527182170,240863.12096630802
527184020,176934.1964357013
527210060,305281.5561834154
527226040,215987.8247828675
527252050,252921.21127731196
527252070,225943.90364229673
527301080,202910.26818054664
527302090,237621.35611297816
527325110,211961.28664456273
527328020,153595.24096763972
527359010,181106.90320862678
527359080,209267.183455539
527402240,161198.05536980988
527404100,115859.49038744389
527425140,117780.26466826494
527450220,117989.73472053083
527451170,141518.56735397555
527455030,138713.31723399478
527455250,120545.14383104928
528102120,281760.21653141914
528104010,341892.15308902785
528106040,334312.4992620719
528108160,281748.06593683985
528110070,318889.9376313535
528110100,368987.92261828465
528112150,274106.13070446945
528118040,358434.66254657024
528120150,301699.051575667
528144050,304202.1387930766
528150040,299600.6187374599
528168040,287567.8959350111
528172050,267303.128387227
528172075,268934.31818724866
528174010,203721.9830629262
528181080,213554.72542252162
528186050,248230.2864840873
528186090,245439.70696813622
528186120,289250.69553350226
528188160,210114.22499615667
528218020,180272.97910808874
528222060,179292.7090778116
528222090,195169.48976686067
528231010,245230.35367449844
528235000,154472.6269436411
528235160,220211.58185255792
528235170,234178.8694551531
528290170,198519.1406443009
528320050,482629.82190698845
528327060,367810.5252326003
528354110,301826.1282035088
528429090,308386.53483900166
528431030,236388.1167666368
528431040,303475.5040825908
528431110,295558.636378099
528435070,265518.6390995677
528445020,240073.61022077902
528456190,217754.92635812395
528456230,211934.72020079245
528458080,223659.1616996833
528458130,294902.55708728294
528477020,274846.94260426756
528482010,269667.85481939046
528482090,310340.5010875544
531375140,174268.33721347805
531451150,127761.26932947186
532378240,104452.74846761717
532479050,140934.03622736697
533120030,325541.32590715296
533130170,337714.17444073467
533208040,196809.44391336772
533208070,160046.07952022046
533213130,170393.54416236072
533236040,178503.57412129588
533242090,245783.8444259207
533250190,223703.76196232584
533251110,309835.67042697925
533251130,201864.26270437933
533254130,175260.8782806847
534104090,237361.40507161795
534125120,144005.06278219644
534178010,130209.10741413076
534201040,126435.10371860012
534202030,149359.81180568496
534252110,150136.07324539268
534275170,117217.18025098772
534276180,122600.70781830893
534278170,142041.33474383678
534278190,103414.34706898549
534403290,210276.8136476724
534403420,159026.9700732524
534425080,182838.40778066413
534429030,97369.69948043424
534431020,105934.70669671183
534450090,-33203.585206685064
534453080,88985.75689428339
534475170,199927.35928041575
534478140,179414.09906113797
534479120,117055.94075957962
535101150,225574.04815762525
535105110,167329.71649550187
535106180,146664.70782473608
535151100,114136.4564360236
535151110,149387.06347104433
535152060,122192.19300455146
535177110,204108.20843405725
535181030,224579.93279780773
535181140,158177.69450544927
535302070,119499.85287630424
535327200,104882.85411229955
535353160,88887.32751341832
535354050,113076.3793334756
535375130,89223.49271395242
535378080,136646.5077537837
535379110,81478.96877786759
535382150,46885.095402080944
535450220,121782.24596735355
535451040,101254.53735010246
535451110,118742.85157342086
535452060,123695.7474973677
535453080,119124.35914804615
535476360,185013.66628810012
535477130,163443.409002412
535478040,105514.12013618374
902105110,87077.69834326813
902106070,129445.6912099923
902110010,78413.02857577009
902202070,127093.4870359439
902301030,110569.92133658988
902305010,104403.85590407284
902408080,210039.34539561646
902427040,103440.25886251767
902427180,95824.02442251875
903225040,101556.86327088348
903231180,107140.26208818445
903232100,121267.7737787679
903426010,120865.45640198555
903453080,230342.07883003997
903454010,79391.06300045866
903454090,133632.36276577797
903458060,119956.91798168008
903476100,47800.73114095893
904101070,273091.61932353716
904301110,96152.63332912531
904302010,101622.67113185854
905100080,194124.5601465927
905102010,138478.3528697186
905103110,124594.14436802761
905105040,104848.58757053269
905107140,152292.60179034533
905201080,159531.41635855538
905226080,110652.26944452063
905226170,139684.9127922149
905301050,319034.90260413766
905376090,131219.7238482316
905478140,152042.5885910709
905478220,147650.46493588647
905480090,109724.57935060415
906201022,199859.29976492186
906201023,249185.66436564736
906201200,308003.4987207757
906380040,276331.68897254474
906380120,199811.78405085517
906380160,216878.07287159195
906394050,198204.14844648397
907125040,170415.8982615437
907125120,134894.43198377773
907135180,110774.20789675745
907180040,212092.73606874445
907187040,227749.13868312413
907192120,227241.3838819781
907192150,202366.97437777638
907202220,120673.8685527539
907203060,119940.23094941681
907260040,222452.20632902283
907275080,236250.45664374618
907290140,133402.50275586877
907295040,212292.06487710233
907410020,186495.78051109723
907414060,224273.6128650002
907420060,183303.2336133922
908102100,158709.35554950064
908127070,163478.4648784254
908152070,155883.75196279114
908152280,164631.41888921504
908154205,564108.6382184078
908225240,96368.65683165794
908225310,112674.69096575225
908226180,29454.343293166457
908250100,104768.91646128161
908275090,90805.78022453355
909252010,138914.86542938158
909252170,101122.51073405241
909275110,146349.16534811785
909276210,141811.16841996327
909281020,128900.94495049652
909428180,219940.2959526083
909455060,157778.97340482747
910201020,80566.35518496607
910201180,157622.56038315772
910205130,146001.52525439498
910206010,30077.903200891888
911128010,145097.62826380492
911370460,245304.30237621392
914452090,170710.43913391483
914452190,157625.67256414134
916384070,239378.5118511444
916384150,258868.55875719397
916403040,186960.90288989802
916455010,196990.41795934923
916455150,298846.2465448052
916460020,221003.8840177304
917425190,251657.08588468842
921205070,290783.3572536628
923202134,138866.59802684368
923202220,212065.7225094911
923204140,228841.75972070292
923225050,156740.21838938788
923228220,74393.41791913322
923229010,153855.777416692
923230180,113084.81613759622
923251160,199527.74832601892
526302040,121745.198447067
527108020,267606.3412870748
527166030,199063.6201205718
527182020,177817.1704403261
527190220,252742.29693966277
527210040,361914.0209429617
527210050,295833.98789502704
527216050,315271.3519430688
527252090,263142.65536827536
527254070,291557.00061997003
527327080,181838.29411291276
527356020,303487.19281328836
527375160,190099.13865903247
527376110,186575.00761202557
527402210,137955.47116227672
527403120,80585.8065179692
527427210,217687.14079095222
527450080,142842.71453894736
527452290,147633.2088256708
527453070,137240.1215072063
527455100,160977.6067165734
528106010,324699.3933614355
528106120,274968.825697836
528116030,301254.50640972285
528118010,299303.37650130055
528120140,284691.0120331436
528142070,313712.7206066032
528144030,260409.75537744316
528150080,302372.1132899419
528172020,248978.5698693076
528181030,208674.25228386803
528181040,208574.00299140767
528186110,259778.69452010674
528218060,171883.02004591023
528218080,182109.56214344496
528218140,233778.58229946237
528221010,200443.43102493178
528222020,181393.6714905378
528228360,211598.9762694373
528228565,215054.16177066386
528231050,201060.37540154217
528240080,255902.8181142342
528275060,198784.17472482394
528275080,215052.46200879422
528280100,216077.61201142485
528290140,201955.861166186
528294070,245769.96393005806
528315070,260222.0858677919
528320060,407420.9115643288
528358030,318717.67369616125
528365090,301014.82245018805
531375070,180482.80081337603
531375100,187133.83585067856
531450040,180121.28469632185
531452100,178230.75446036735
532353180,137432.78704399883
532376180,107611.56267393602
532476050,313642.8607955307
533110130,277613.988247984
533128030,260919.9387311336
533128090,260763.47810987296
533212100,150445.06042492928
533212110,151651.57564446336
533223080,165334.99506050994
533241010,179209.2482341765
533242030,240530.99380690412
533252020,174793.04172050743
533253090,178470.84341016595
533253160,177295.53259804944
533350050,315317.84348405094
534127190,269313.1254120667
534129230,184001.80896564608
534176250,166313.88243703227
534201280,126600.41498450568
534202180,153494.65352293474
534250300,206051.28813307747
534276230,220661.59627453797
534403280,163030.01527272438
534403440,146828.402234617
534453150,96974.54553496459
534479240,143416.6413603024
535125060,223332.42077617074
535150240,119212.93638249287
535150300,311099.64536174736
535151130,153446.6443321701
535178100,146743.13430777763
535179050,129763.08069210233
535301150,121613.23572181186
535304020,113874.09880073712
535305120,133316.6413407935
535325460,233428.32013472664
535353180,322557.0004351686
535354130,144757.88750244648
535355100,105355.27024987504
535380130,163070.41650215138
535381060,121408.19067108186
535402100,137816.62931442203
535403150,135283.89907853724
535404080,90593.04899639974
535425040,207857.76304443082
535451190,86881.65389704125
535454030,67657.73960250354
535478010,114665.98323947086
902100130,93668.87539323367
902104020,112062.33696052444
902106040,150753.04955841613
902110120,159082.5111610217
902128100,93878.82728174387
902325050,148961.0930041677
902325160,89313.22635765842
902329070,90325.12358406816
902329090,151860.1166922645
902456015,64022.58395613397
903200050,53668.26830359458
903231190,115184.82566424018
903232170,26886.64084762917
903235020,37749.74984518459
903236200,94765.20110849255
903400030,69158.78943092133
903455090,115916.41437076217
904100090,258897.19131511572
905100030,160583.82263552723
905200380,85450.19313080308
905201090,179355.86634553262
905351045,160172.45900497003
905426100,170936.1708371379
905451050,123545.3995372063
905452150,159618.8112250954
906204180,259102.14080638945
906223180,213768.9575774023
906225180,235069.22976970137
906380150,197510.1200880193
906392120,261327.52289524616
906394010,226751.51473863772
907125020,143104.8359951753
907175030,230612.04452407942
907187010,220105.09259566964
907192010,220425.8539568805
907194130,214967.36106845265
907201160,139228.39307686756
907203010,105893.46149011355
907227090,104939.89276157055
907230240,150917.26230414602
907290080,270266.76038765284
907290260,251864.99032108937
907410100,198581.70889765548
907410110,254249.2538813463
908102320,196032.8344399393
908103320,105109.29983426025
908127050,151608.2024590931
908186090,143580.46660684462
908188120,201164.31206432352
908188130,197362.7249700679
908227040,59925.32197682088
908228040,105410.14823446482
909101050,89546.14715789183
909101190,165687.26632013448
909201180,128933.52997593873
909250200,110916.96798422204
909254070,139902.38090272277
909275250,134485.01006618002
909281010,207869.63109866227
909425120,201576.11639135113
910203230,43802.62663799638
910207110,93584.28169687765
910226060,165509.50947727682
913350030,237944.072373053
914452060,235155.06603963938
914474020,227890.8898499138
914476050,144867.49190097567
914476500,292993.8696151265
916402125,172374.5996831161
916403020,195999.59481878253
916475100,289318.3232521783
916477010,297156.0513274254
923125030,104774.77602635088
923203090,176040.6351674212
923205120,146228.87683300918
923225240,145275.530362649
923227100,159829.93948488386
923228310,93804.67746926847
923229110,242365.05433074475
923250060,160974.65650865767
924100070,184271.14334843785
