PID,SalePrice
527127150,197285.38714248064
527162130,172910.9947112434
527163010,162776.61383824758
527182190,227784.58391415337
527216070,414208.360628126
527358140,240890.1490017422
527402200,136679.29181774898
527402250,138180.60147855553
527425090,77999.99482813622
528181050,215760.53017602797
528218150,189078.61083639538
528240070,225817.6196905651
528250100,136843.3878260767
528358010,246364.26306118054
528382030,222257.61885652924
528445060,254728.70598663407
531367050,229577.38534959633
531369060,198334.62338352733
532351140,137520.8007078395
532354090,144928.09207090337
532376160,128055.63245575728
532479070,173032.04285338943
533212060,157520.34547177714
533221090,183440.6351622336
533238045,263146.9331104172
533244030,218861.8918088646
533352170,179895.28245711882
534152050,208688.8266068823
534152070,197786.15325732186
534202160,138291.82451202147
534251320,168064.11294256535
534276360,102266.80201058023
534425310,129283.14716587398
534427010,167455.42151538623
534431050,266794.7033443203
534431070,147123.96370992862
534479320,145725.2862533579
535106190,186664.6003614272
535152250,136441.22995287267
535302080,114331.88927685822
535350030,134955.33679998806
535350040,110894.4169071824
535454070,105461.65513983608
535457090,134033.36452291315
902102100,134245.70725179077
902104060,58737.94189004434
902110090,167786.64825077984
902125080,153969.19727306618
902206040,134795.9427358305
902207140,84428.06760358786
902402010,161111.99410725522
902402250,162646.36110629578
903206120,211706.80350495488
903226160,86486.00842600747
903425110,119630.57063494038
903430080,108304.22786792391
903450110,155064.01208833916
903454060,53287.66823139682
903476030,171591.11303033566
904100140,199892.16206745378
904302260,134851.22165861496
904352190,142044.36998850407
905105200,122255.4042455164
905106140,124370.42707302113
905109130,275062.14561998687
905109170,245331.54375572034
905325030,243527.73990195236
905352140,213824.0910363473
905451320,139414.51036993595
905475510,105187.41564759749
906201120,224768.54782448884
906223090,228235.4347375587
906380190,195765.5723528444
906385020,195646.6391541719
906402200,312687.0184596719
907200280,170220.43440901287
907203070,115314.30938131495
907250030,300528.6865777138
907290040,215562.99568764647
907290170,156381.45883235236
907414030,222125.73624473458
908102060,13412.096984141885
908102110,100457.7941329304
908103350,138208.55049887393
908226130,62522.644867808296
909100080,135016.46728272075
909101070,17895.855842529098
909250060,199922.52033579987
909428280,284193.13599503814
909452114,169280.82250685827
909455030,186550.9409589287
911204090,153821.52285865834
911370510,267946.9427610293
914478110,219252.80457346732
916386020,180686.3773714428
916386060,134745.69505831884
916386090,258623.35362260794
923205015,187324.66365682433
923230190,104075.640190527
527105070,171721.83324031273
527105130,271753.6590085491
527131030,252869.8269930613
527146010,233829.66985553334
527180100,177375.5883860917
527276160,208016.04606582838
527301320,260429.29904786716
527352150,209611.0866712449
527375180,134055.72910334083
527376100,155900.0237353629
527378140,203265.61757893517
527405180,108152.42940909053
527425110,116644.59060891136
527450280,83788.14525826166
527453060,154168.4937055947
527453140,130263.7735345861
527455050,150729.3059823789
527455080,171943.96308899752
527455090,94265.16065696342
527455280,178455.44228780485
528102040,340818.15023919503
528102140,400127.8275472149
528108040,337221.2722504377
528112040,337426.20821987826
528116010,303098.47586616146
528118060,332153.4385363931
528120030,342524.50037333136
528138010,345055.4843250733
528142040,299363.33763697115
528142090,307617.509367131
528142130,305623.82743795554
528168030,269057.0620216039
528174050,224037.795243319
528174060,222298.01691395583
528218090,172930.30218111063
528220040,195800.68295423756
528228295,232262.26558363432
528235010,182775.22328767943
528240060,166855.65663297937
528250020,185285.74775481463
528250040,163842.55228683137
528275070,245815.2579145744
528280230,235876.47716069708
528290030,155819.2836383968
528290120,190805.07604237334
528290180,156952.0127889579
528292030,270097.23662106384
528292070,231460.306604211
528294050,132154.90040537308
528344040,311741.29873308906
528365070,305912.2273093239
528431020,264128.70192848786
528435050,280912.66792425315
528439060,244286.44433489745
528441020,250500.3524397021
528441090,425718.4188828154
528456180,199883.49852480483
528456220,193273.89946051963
528458060,206533.91488931308
528458180,230633.87977423417
528477070,238984.35551324364
528480040,262031.4960743609
528480130,195454.15952120593
528482040,255385.54228270857
528490070,196075.82998731403
531363050,138797.60709387535
531375040,180516.1297539813
531375130,146589.67496002556
531376090,224494.9137797292
531379050,233094.08778581416
531385020,211779.62755428272
532353020,102845.89323793608
532354230,86608.82373318233
532377130,121689.27531604779
532478020,286249.3031512177
533213020,219299.99288997924
533213040,157228.99190612676
533236050,207867.41063233843
533252040,324414.639178629
534127130,180655.2896485541
534127170,185724.29298798623
534128020,204918.3078228813
534129080,237389.04344250905
534152120,175196.9950298124
534175080,224163.243228661
534177230,200325.5526072177
534200030,93176.27409914063
534226120,103982.51560557644
534251030,184323.04107416735
534252240,150980.9304599187
534275060,113501.40534919656
534275100,98007.54526039916
534276040,80418.18355076484
534400290,170157.5446984278
534451110,100981.22713984255
534475185,171355.63107039165
534476320,111480.07200600402
535126010,217970.27246585424
535154130,136294.7923414191
535175030,160677.02855574686
535175050,132777.90346242697
535178040,118527.53709258203
535179160,133325.6843903464
535301170,168840.42502229847
535303150,108522.63623156973
535325290,114005.73258748726
535354070,121515.1798548266
535375050,120619.59335411468
535381040,187667.13647773824
535383060,97011.66292508638
535403190,160869.5212866605
535450160,46614.15433574628
535453200,126725.55060249125
535475010,162974.8168761565
535476110,151327.7772763117
902105060,124151.9532506435
902106010,144569.1801519036
902109130,171702.02806400464
902134120,110656.8266672905
902135020,151275.9766757884
902201110,110386.62240689309
902300090,82156.84360452906
902301060,141785.2812526534
902327070,170154.11899197035
902329080,121948.72900018466
902330040,192701.23488241978
902401130,138125.1327834071
902402150,56333.795591830785
902405100,160922.81431747993
902406070,141986.26207064983
902477120,42151.60589771584
903201020,141477.31698962877
903202170,136389.2355318153
903226130,102615.226026004
903230100,109612.53544708835
903231010,139763.78194692015
903236040,130106.30205981003
903400220,170857.28930997773
903427120,139330.02334558644
903475100,114393.06125650828
903476090,98253.62662624886
904100190,108398.9014127209
904301070,110663.52206483527
904301375,67748.64025110743
904351200,87279.85661930824
905200260,126561.36145735988
905200350,146038.4061309603
905325020,213078.07410031577
905451300,105686.60310204103
905452040,155742.94028835223
905475160,139765.811377134
905478030,134856.09471297558
905480030,89787.28768854223
906201050,179884.76913575764
906223210,231126.68887911437
906226060,171035.65084207096
906226080,184555.6404287139
906226090,166122.44846692454
906226140,109984.93130122863
906340100,352709.96087040706
906378110,253539.25231649308
906380060,299014.82810768887
906380100,270257.40893517097
906380220,212891.01806525036
906392130,190750.60463871853
907126050,129680.63872255984
907131090,215482.18104142422
907131190,189055.68292159267
907135040,154616.4768831333
907135170,124884.39148257652
907185050,184965.850316271
907192030,200676.8371922263
907194110,206923.33705860598
907196060,227103.26945278666
907202130,171227.8398324341
907227080,112573.78679479036
907227110,127657.28520221374
907252060,267628.94572171045
907252220,245235.84661150217
907265010,216448.95139275983
907275090,224772.9397426216
907285020,214660.67464528178
907285050,201851.10139332345
907290070,179723.9145289824
907412020,200610.53532277688
907414080,175947.53476945133
908102050,77190.54876236695
908152100,145585.08444574912
908154040,328698.0248518711
908225370,52287.961796733405
908229020,104719.7166590082
908275040,156697.98554572297
908275110,141088.22630106617
909101010,113793.23427726752
909101140,126854.53117642438
909129090,99683.1762869971
909179020,227242.2621913896
909251170,140175.42127518775
909253180,128673.70848948663
909279010,203456.21332304817
909282130,131181.3266609387
909427200,148627.2018307344
909451040,109172.37729081114
909451140,140430.57881014494
909451180,140430.57881014494
909452050,185830.475832498
910204050,158867.25819780858
911104060,39918.47749356943
914475010,121787.88177360645
914475030,190112.86025584882
914476020,126190.5447620051
916386140,225300.2189005017
916403010,184296.25936148647
916403250,186361.53596693015
916460110,219884.1447197689
916475040,357880.6883250193
923203110,170917.010180333
923225360,100010.03336839724
923225490,93919.6648553838
923227080,150652.21772608522
923275040,169925.60789377888
923276260,153821.60467971626
923400025,154025.87693964952
526351030,258246.58876197296
526353050,244963.16900645543
526354070,218384.3184166845
527106150,182177.7817975956
527127140,281678.00804650516
527140090,195947.12032866757
527145090,187472.16770954197
527165010,166757.4562059961
527183060,201330.2424496418
527214030,354773.56361549627
527226020,139624.3161943957
527252080,326772.1542521925
527302050,185534.7875747511
527357110,116197.89618656429
527380240,289523.4845474478
527402060,156231.09454063736
527450110,82965.03081668986
527450520,95577.16631451873
527451060,85698.95347926501
527451290,81262.65626681555
527451400,67784.37930605147
527451550,100587.53570429736
527452150,137077.90491494647
527455270,95132.53861179143
528104080,399480.5875877383
528110110,388159.9775014091
528118030,372756.81641375885
528142020,305373.0495639064
528166120,353398.2386565436
528178090,360587.204623472
528186080,334642.5383480503
528228345,230081.06181342114
528228445,214862.45044968658
528235120,151786.8406635167
528240050,206858.13068605177
528280130,190304.43235413363
528326030,278647.59164496156
528363020,319233.6157346719
528363110,323819.9178017221
528387050,259240.86861612828
528431080,213325.2188533924
528431120,263634.5492691754
528458050,216435.42329616408
528462040,217342.3706214268
528478030,266571.43729111913
528478040,254784.42470360675
528490080,205614.1107230545
531363060,128662.35428851424
531373060,210395.36141596254
531375120,157912.40449423232
531376010,192541.22281435833
531382110,191942.13221071413
531382120,212278.1401519093
531450030,193465.6759303837
531450170,192529.03722688
531452140,176683.09254181042
532351050,100749.46787775382
532353050,101134.4232470792
532376170,81838.95291894228
533206050,208063.82759782788
533208080,162268.95706265414
533212050,152500.35569295732
533212140,173313.17865204453
533212150,173313.17865204453
533215020,249609.0946536624
533215070,240003.97164721624
533215080,277591.158097399
533217050,157023.23465094625
533234020,179921.80842320024
533350090,298460.94550006033
534126090,198684.54121896706
534127230,202605.07046511592
534128050,176651.71859022282
534129060,205250.27909684068
534175140,178671.70362015202
534202130,140396.28287254012
534225110,182271.64781177172
534225120,182589.39592651746
534250010,187699.5712690985
534403100,159352.33569684776
534428020,114010.00799099235
534428100,131046.07934971766
534453140,68855.51358017736
534477090,150955.8848945516
535105030,133016.06824596267
535126140,232045.01232716994
535150210,123280.07263547642
535151160,147592.7997718873
535179060,171562.89253373846
535302140,96500.91052001824
535305160,67492.54478320073
535327230,87874.86330113948
535375160,106049.54811645263
535402120,177519.89991572767
535451010,125658.5182986418
535451050,138212.61687947536
535451230,50360.511030645444
535453210,144037.93244893954
535455080,97182.16386944249
535455090,104448.77876726084
535456100,95587.6907693264
535475020,169011.8223553344
535476370,160928.0521078856
535477090,110692.52426983713
902100030,94616.86997833633
902103150,137959.04982443756
902105010,85687.54772468942
902105020,288518.42139426887
902105130,64098.340248720735
902107030,140192.2613759682
902306120,174338.13197605356
902306130,131098.36620376157
902406020,106692.65684496118
902427150,117138.97078174152
903201030,143792.32774649095
903204095,82751.15738744778
903206070,145589.56427755643
903225160,110298.25816219283
903226060,170130.0771204284
903226150,94415.43298652014
903228040,138506.17968769275
903230110,111329.5916886347
903232030,30500.022741252556
903234090,157684.28247835726
903400180,179344.60224086276
903401020,133832.30674896386
903453050,128921.60645809569
903454100,167997.80745632184
903455030,80105.7489645006
903455140,115901.21447604749
903456130,104853.96800227012
903484020,116648.31409163987
904100160,100379.93387503027
905104080,115173.73170421261
905202230,206760.44099583037
905300020,165561.29000821066
905401045,191629.6217872183
905426030,186999.07403010907
905452120,154071.4392351303
905477050,136307.3898799684
905479110,110781.46646271151
906223140,233003.05862533778
906380030,269509.8024582097
906412010,370486.17552118
906420130,244458.20732793113
906424010,240685.69802539053
907135260,144410.27411072768
907192130,233961.9898316125
907196050,221827.4193853949
907201060,163149.24245595027
907227300,108402.05159781608
907251090,260522.53455141286
907255020,273440.34988600604
907255060,297130.49869861576
907285080,210800.16357845365
907290150,160527.43243513646
907295020,201176.78829990808
907405020,227723.11767759713
907418010,249786.61733106105
908103280,137933.27262687054
908128050,151512.88232606283
908151040,152526.92467327922
908186040,155401.50773847877
908201120,117645.2776581784
908225170,70733.17666035955
908250040,58293.72392100621
909101180,91667.57935336929
909131170,123190.03756859897
909250230,173637.14538245922
909275050,144810.27424709703
909276170,157166.59301700606
909281110,173154.24280469888
909425085,207450.25712529814
909428190,255751.67965751071
909451150,155720.05552390387
910200080,97661.3330492539
911102090,83593.47400887015
911102170,64422.01533522674
911370490,319298.7752796245
914476010,149561.73744817413
914476450,212864.75771472653
916125425,211302.17329835697
916380060,254197.3919557277
916403230,231885.6899288954
916460060,248779.7963794372
916477020,297075.14251511096
921126030,271059.7413712758
923202005,179901.28586090222
923203140,167482.05682073897
923225080,142485.6794712775
923225370,116045.58951359772
923252100,100123.4009294745
923277040,127410.32580085138
923426010,112281.87551944917
924100020,166527.64745930556
526352080,200162.57992403788
526352090,147706.54349685035
527110120,181711.47414270544
527158090,166044.14102362536
527162090,159556.6263165015
527163080,153385.3156847795
527165100,142985.09577452386
527175130,156405.5532022431
527182170,229342.80076051675
527184020,176793.76716969753
527210060,309852.207932018
527226040,184997.5487725465
527252050,268503.98337182275
527252070,239816.57874200188
527301080,219685.08126547543
527302090,225104.95072916156
527325110,208041.57806837393
527328020,154913.52186245905
527359010,210499.08171640465
527359080,212208.28609604383
527402240,171622.98593564506
527404100,97850.21839439934
527425140,109153.60704582666
527450220,104724.98492039001
527451170,115446.08298590861
527455030,137468.45321193198
527455250,119938.44417380195
528102120,291272.9416723396
528104010,341126.98498427495
528106040,397782.85981423996
528108160,286622.1395712106
528110070,314558.4737875594
528110100,414460.17566563666
528112150,264863.7658254497
528118040,378868.70685944194
528120150,324710.32128653466
528144050,323695.87580586283
528150040,356867.67696576857
528168040,286054.5287766324
528172050,251471.47618402194
528172075,245848.2985606243
528174010,226443.00043268528
528181080,212202.73776018366
528186050,309098.086110652
528186090,304101.44044037367
528186120,346613.78228192485
528188160,220330.71229001376
528218020,194842.58766119313
528222060,192959.0838301376
528222090,194473.80366942918
528231010,249396.6672529733
528235000,167149.48581668967
528235160,236081.51078892822
528235170,244197.31160173373
528290170,179531.69877479007
528320050,502361.4688211099
528327060,456786.4423276383
528354110,298986.5723120151
528429090,349071.5197389504
528431030,238578.86964934677
528431040,396817.1634079304
528431110,313354.69855807483
528435070,263917.24937166186
528445020,230846.78174731825
528456190,201100.11218144806
528456230,200372.28795475734
528458080,219016.46660468556
528458130,300738.67619688006
528477020,258768.79967711342
528482010,278074.9429097979
528482090,294249.0132024353
531375140,181210.85667993856
531451150,115775.60947800288
532378240,106299.09631858996
532479050,154327.2276843529
533120030,348026.26077903673
533130170,335729.5027365724
533208040,212970.32658502544
533208070,159803.7520452379
533213130,164081.605810521
533236040,182887.45294324745
533242090,260676.9540412323
533250190,241932.14193065756
533251110,320015.0969775154
533251130,217297.83311684168
533254130,188109.53406054905
534104090,235549.19751828368
534125120,134278.38982829364
534178010,108716.70552505858
534201040,123359.99289881974
534202030,127930.28177784552
534252110,126751.75698385492
534275170,129778.01843957655
534276180,103501.30284736575
534278170,144477.2103385103
534278190,104566.76415983659
534403290,209461.21406691032
534403420,144592.15934584086
534425080,188879.13598334187
534429030,84232.20151686597
534431020,113452.38567998257
534450090,14986.842529914225
534453080,106358.4945413274
534475170,195620.8262818056
534478140,148252.79608000824
534479120,122275.97129969604
535101150,179532.319687593
535105110,167710.931743843
535106180,129226.75818066829
535151100,114120.31426880036
535151110,140702.48482478646
535152060,116226.41223139814
535177110,198585.6143585187
535181030,182152.35493632438
535181140,165272.51817438425
535302070,105397.62061134815
535327200,125966.866844832
535353160,150709.56456670025
535354050,118867.54378484184
535375130,88045.57635608941
535378080,129165.93198777744
535379110,149440.9602284628
535382150,76707.68361928237
535450220,108327.19398483554
535451040,105466.0960948008
535451110,129182.07759455999
535452060,138093.02000828664
535453080,123651.49007062463
535476360,200370.02714599305
535477130,148069.81971191146
535478040,104696.92720253834
902105110,106094.11065968481
902106070,121996.08036489357
902110010,103250.78112447343
902202070,166065.05079566388
902301030,134293.91683174437
902305010,121320.93127359073
902408080,230205.27229367621
902427040,89829.81321111206
902427180,110491.05344918947
903225040,101726.34078697715
903231180,120973.65921268491
903232100,150150.32517904983
903426010,130729.92361572885
903453080,212551.6927174273
903454010,103008.62874121877
903454090,133383.28779176055
903458060,137301.88996106994
903476100,71777.505465468
904101070,227422.41962253783
904301110,92526.95252061506
904302010,111097.20486608667
905100080,192256.26268609928
905102010,172131.1926060969
905103110,113090.74417574894
905105040,102458.49964196356
905107140,139758.80678231173
905201080,156811.10133352483
905226080,140257.8931044839
905226170,153595.96653966783
905301050,243607.57193606126
905376090,131081.83487841298
905478140,161578.8517360334
905478220,159722.15248844205
905480090,122225.49410857187
906201022,206516.0571342912
906201023,253344.23954545992
906201200,298086.9466669902
906380040,278771.13672488456
906380120,199559.00912811662
906380160,212611.41066418873
906394050,206316.34935532743
907125040,150337.0556309423
907125120,128600.02077079471
907135180,117247.00084943007
907180040,180841.30793855942
907187040,231361.85221964133
907192120,223881.96335318577
907192150,192650.9119271475
907202220,108972.38484247882
907203060,100130.58769221761
907260040,224811.571875298
907275080,239302.33610542264
907290140,161701.5918576806
907295040,220066.76440082403
907410020,179162.43551414664
907414060,219369.9666690855
907420060,191311.6434605843
908102100,147376.53958334675
908127070,135333.55656602787
908152070,137978.34039072873
908152280,161869.45339861375
908154205,620938.8979675755
908225240,87696.30442374962
908225310,98164.9376174887
908226180,57900.88109989617
908250100,91566.1484555816
908275090,124637.04275817188
909252010,175397.97691543057
909252170,126844.89378124646
909275110,145881.32226066213
909276210,138968.8688019271
909281020,96155.38801688074
909428180,172453.30530845094
909455060,146716.29818225704
910201020,90595.03090907515
910201180,169652.65319602535
910205130,128901.20364239023
910206010,2149.34120947271
911128010,138010.74600265443
911370460,261159.07238837454
914452090,173185.3927646405
914452190,125440.20911381255
916384070,257652.5780030893
916384150,265277.50171197084
916403040,170702.3993956907
916455010,218709.61945352133
916455150,320855.26775298
916460020,235610.24895818057
917425190,211062.23196229566
921205070,289074.68887187727
923202134,136547.23518107264
923202220,172512.56736236598
923204140,177719.62411148398
923225050,153209.03552214263
923228220,89525.1526707086
923229010,155810.69526525997
923230180,128856.32150323302
923251160,151299.992149141
526302040,115651.73732673354
527108020,265011.06143631274
527166030,174765.9028893978
527182020,149292.72342930653
527190220,254323.78247322713
527210040,457723.6996667052
527210050,299434.7458627451
527216050,395184.8549357627
527252090,279165.7920758259
527254070,283327.08065883524
527327080,165627.15430873312
527356020,260471.27569774084
527375160,158863.34692285475
527376110,164256.70689335663
527402210,118040.54553861092
527403120,68911.99109948525
527427210,213755.2984964365
527450080,126995.37159431918
527452290,164856.18672104855
527453070,123136.09844952897
527455100,151747.92070177605
528106010,284852.91501236067
528106120,274957.7251480113
528116030,308945.63795706065
528118010,310306.6565935097
528120140,347274.1567209833
528142070,326983.19632348046
528144030,268908.2708678276
528150080,360267.9079027657
528172020,259029.40745624702
528181030,224825.00427020434
528181040,224825.00427020434
528186110,316887.34724652924
528218060,184258.55475548244
528218080,175029.87360207312
528218140,242317.6093326247
528221010,204175.808283015
528222020,175029.87360207312
528228360,234081.99118347198
528228565,233567.22447775476
528231050,216732.78817296782
528240080,254444.89922686748
528275060,180743.11934074442
528275080,194123.31908313642
528280100,212040.7923444489
528290140,181976.96922140385
528294070,252589.4872236807
528315070,272047.3403575489
528320060,410126.2931805484
528358030,333580.33639888384
528365090,296783.2465933345
531375070,184161.9015225275
531375100,167551.97338096244
531450040,178798.52770358635
531452100,178560.6046651253
532353180,173183.58843863028
532376180,112226.52698694722
532476050,293920.5605324656
533110130,271655.38412400754
533128030,256501.76458315464
533128090,248314.98290406034
533212100,130867.45923799455
533212110,156238.55287362039
533223080,166768.83105238603
533241010,191665.04645289012
533242030,232993.57273540934
533252020,196965.37281071005
533253090,198751.88055192705
533253160,197940.98251731903
533350050,322932.01999327436
534127190,255020.13941493715
534129230,160075.1686655355
534176250,135402.67178675564
534201280,122004.14277328654
534202180,157878.92409556327
534250300,187647.96008384624
534276230,187486.8486471332
534403280,167229.80670076606
534403440,141562.5766930529
534453150,150518.36696378945
534479240,142950.5044006613
535125060,211404.0431313114
535150240,89935.08926106118
535150300,302229.2095928011
535151130,151753.83702459285
535178100,162282.466277377
535179050,114973.42117229028
535301150,129751.02507053781
535304020,114058.79911598994
535305120,165698.3537395388
535325460,229343.0760595467
535353180,242951.1359838242
535354130,132707.33312113112
535355100,95947.28114670372
535380130,172105.03045305522
535381060,105748.81151768271
535402100,146128.1630190082
535403150,137255.92362960597
535404080,94850.1760953117
535425040,183555.296147154
535451190,98036.76388674742
535454030,44565.233211545885
535478010,108013.22947786567
902100130,83075.8365512317
902104020,136570.31029967632
902106040,162199.81946246832
902110120,176811.04876419346
902128100,133060.47218346223
902325050,179521.16388160342
902325160,87679.95825954033
902329070,104008.08059422935
902329090,176688.24300088856
902456015,87795.10814186794
903200050,64578.59518851117
903231190,111948.42993976125
903232170,40141.426868933864
903235020,55808.43037841929
903236200,102365.98904463802
903400030,58537.69104446002
903455090,121321.31285982148
904100090,211357.14159583682
905100030,161346.05675309253
905200380,84617.3365454557
905201090,162929.8927588499
905351045,175041.57839628405
905426100,159340.9361901429
905451050,161313.89010378747
905452150,139335.97276381607
906204180,263196.50883828755
906223180,215211.8637564472
906225180,252110.14990180387
906380150,197028.72425659135
906392120,263568.54087963485
906394010,221719.96403600016
907125020,167246.65511392686
907175030,232986.48690993746
907187010,220246.43906514198
907192010,210819.62342030433
907194130,210970.11678659293
907201160,162073.07603513228
907203010,105632.87106752048
907227090,115681.50406080284
907230240,135495.376232321
907290080,267680.35195328406
907290260,255074.17514241053
907410100,203913.66868498395
907410110,247807.66002122159
908102320,173281.29034313955
908103320,101217.6117553764
908127050,137822.23179882244
908186090,157984.17515360573
908188120,178916.76858879146
908188130,179629.99276176162
908227040,42115.904290074366
908228040,109625.98762467936
909101050,100794.24632266568
909101190,173939.9868367462
909201180,131021.12522409909
909250200,132156.07043866205
909254070,169581.6150019984
909275250,101239.78542325171
909281010,231579.05265332578
909425120,220627.1462220552
910203230,54427.45237080807
910207110,93926.45576425588
910226060,140121.0399206499
913350030,221496.27208199416
914452060,187177.81150534214
914474020,226276.72373011278
914476050,151699.44372941405
914476500,231570.01987514837
916402125,162283.69716849175
916403020,177751.66209179434
916475100,307014.60114318994
916477010,307196.72043827566
923125030,85671.34243800487
923203090,170035.32017941086
923205120,139798.86991341357
923225240,139123.52842866615
923227100,156857.57281717748
923228310,88810.71521573704
923229110,199284.9901350439
923250060,137598.6761505868
924100070,190728.83590705149
