PID,SalePrice
527127150,193302.41031824113
527162130,202660.2802474883
527163010,170348.9131579901
527182190,214842.36044066658
527216070,382484.4048645729
527358140,248445.49886700153
527402200,135446.02997399447
527402250,159786.65982896535
527425090,81380.07194748166
528181050,224103.07751492926
528218150,186005.29485244
528240070,222940.89475041593
528250100,142495.572099514
528358010,247990.70472408287
528382030,219885.01720271533
528445060,277881.9215197586
531367050,222981.745758674
531369060,179654.5795460627
532351140,137804.0773021571
532354090,163080.99363661482
532376160,142346.04880391105
532479070,192182.63037674158
533212060,152163.207617659
533221090,176722.99055107843
533238045,273102.51902116655
533244030,212978.2156864897
533352170,162789.2629882903
534152050,227549.12731832574
534152070,197784.17203295795
534202160,149643.8269795823
534251320,194220.5888137984
534276360,98102.97850180688
534425310,118004.12483569264
534427010,182800.94462663308
534431050,286578.7393982443
534431070,152668.0942736271
534479320,144846.38216583032
535106190,189444.25294117862
535152250,136991.36710277153
535302080,93859.0111399319
535350030,158671.2796108078
535350040,117353.06886714991
535454070,140496.50496633688
535457090,132272.8042900811
902102100,144891.06857185462
902104060,93799.89426707043
902110090,154718.4025797631
902125080,89256.97874548218
902206040,159541.77599126459
902207140,116263.43903210654
902402010,164957.54100619105
902402250,168514.6322997482
903206120,217166.53258069986
903226160,71349.36397123185
903425110,128438.77042274829
903430080,103115.39994619037
903450110,92198.31906629403
903454060,16048.450790601753
903476030,174417.73053167204
904100140,177351.6936307577
904302260,118835.38514756196
904352190,133727.44764886965
905105200,133289.025743305
905106140,111321.9997326566
905109130,249657.64408011275
905109170,227417.33076725138
905325030,218780.04668535496
905352140,216562.10247174185
905451320,120830.30408443643
905475510,143900.64882702834
906201120,216389.73881987022
906223090,219375.20450929087
906380190,186367.3161283181
906385020,203863.42502815495
906402200,327772.04115623
907200280,135979.51437270315
907203070,109848.77225007155
907250030,321744.4437486507
907290040,244951.56858143926
907290170,141848.5819913897
907414030,220299.6367371051
908102060,38355.982515139855
908102110,59788.65249340082
908103350,131451.07255764006
908226130,57694.11821088166
909100080,174325.33133720493
909101070,58239.47642194692
909250060,224009.0124597661
909428280,253764.98985822985
909452114,178146.77279305062
909455030,163390.4715539575
911204090,91399.52839549728
911370510,262659.16559283365
914478110,240394.26953207902
916386020,181540.549008754
916386060,140224.17859617397
916386090,260524.32116013757
923205015,208642.1957769461
923230190,114637.59761115721
527105070,182775.21174772174
527105130,272903.26949168055
527131030,280001.02829417627
527146010,232970.8355789049
527180100,195128.94891645637
527276160,203903.58302240758
527301320,220578.55043293475
527352150,202061.33508967396
527375180,142722.62084366952
527376100,154191.32922714236
527378140,203430.161623502
527405180,111634.6302257555
527425110,135469.12034381405
527450280,96466.94648846962
527453060,143997.74803943973
527453140,136542.40252122717
527455050,150032.37495416694
527455080,149655.11275198412
527455090,98857.09991098092
527455280,164088.66062917974
528102040,275905.69331617956
528102140,363221.64894636674
528108040,340181.8164965557
528112040,299848.08510705485
528116010,301633.1278718645
528118060,320810.7042012024
528120030,299635.1203819758
528138010,307803.3892996906
528142040,299447.7005749027
528142090,312530.27033560677
528142130,354237.38241392566
528168030,275864.09708607406
528174050,221391.0200577147
528174060,218421.5372888635
528218090,177079.28287092622
528220040,183107.59003288517
528228295,235099.0571699342
528235010,183077.72003896706
528240060,152459.81735668713
528250020,181332.41047940726
528250040,153395.08592918658
528275070,236972.00086258817
528280230,231905.52457115264
528290030,136739.866198026
528290120,205371.63230130583
528290180,167396.82418680724
528292030,269826.2637109558
528292070,226205.41457285848
528294050,142898.228518765
528344040,318259.30415330635
528365070,297151.4485357757
528431020,273878.6701954955
528435050,291218.08226220426
528439060,230733.37676931673
528441020,249401.65491157002
528441090,383474.92868584185
528456180,219352.82407909437
528456220,191265.62053398983
528458060,205894.98868175468
528458180,242812.72279319423
528477070,238670.84569067918
528480040,265688.3323174361
528480130,191634.64751100118
528482040,267036.6434440404
528490070,189720.8838272596
531363050,138470.73215414508
531375040,177253.4936123814
531375130,161523.96161282193
531376090,232160.38787392818
531379050,223016.77670611598
531385020,210345.81623716716
532353020,112409.99455776642
532354230,87360.20965932008
532377130,121757.64178125525
532478020,303546.3320735708
533213020,226594.04055864434
533213040,177111.38695215527
533236050,208683.35123061424
533252040,278180.9058108091
534127130,196378.40460253446
534127170,190952.7471392714
534128020,202901.01964044332
534129080,247277.44439687266
534152120,185619.9095379573
534175080,236894.48391075135
534177230,186709.8185849933
534200030,88604.31341275656
534226120,99084.99050220661
534251030,190299.6957999833
534252240,171549.2224951104
534275060,112347.86567491548
534275100,80844.37474482146
534276040,100474.82759255983
534400290,190392.96440258765
534451110,102046.95118973087
534475185,198001.66274990898
534476320,103418.04861295833
535126010,215775.72393731435
535154130,108395.50718951238
535175030,196272.94333840781
535175050,152986.99029943702
535178040,118783.60667787993
535179160,137538.34406548092
535301170,193203.163419987
535303150,100647.57767626629
535325290,128691.13857420199
535354070,110381.82814418712
535375050,105428.0359396437
535381040,211592.3961277332
535383060,17503.452245309978
535403190,144193.9800925878
535450160,52638.44953459155
535453200,128202.67856871299
535475010,171996.234423074
535476110,131474.6657556215
902105060,105433.16181512164
902106010,136828.78527476036
902109130,93377.6064995415
902134120,100354.59785411159
902135020,111022.74938257279
902201110,110053.8141930702
902300090,113247.64835531948
902301060,122869.38986696539
902327070,137527.18164678337
902329080,135999.37474971084
902330040,182191.52326028905
902401130,129024.19770959736
902402150,132591.56324421766
902405100,201041.586262004
902406070,165455.79642279685
902477120,45976.39884532598
903201020,134309.9124523618
903202170,132472.93203389345
903226130,83003.6162567701
903230100,140444.94521646833
903231010,161890.02353705978
903236040,173395.65627494518
903400220,178534.390055506
903427120,140625.19383321004
903475100,111989.61199250616
903476090,161695.48582619696
904100190,72478.50754753615
904301070,110247.7958935153
904301375,63594.404430761875
904351200,78606.74852544176
905200260,124463.70557553621
905200350,151356.21849391336
905325020,217655.96521747016
905451300,106561.90834458357
905452040,140647.64997024156
905475160,124728.11710369348
905478030,180109.43444858817
905480030,78505.40662266372
906201050,156969.80487313936
906223210,222705.18763160545
906226060,156803.68429248937
906226080,179154.81300609166
906226090,167129.0850832
906226140,105424.80324007591
906340100,303605.3203260952
906378110,259345.79822784069
906380060,293738.05118178105
906380100,264658.38074000995
906380220,211743.8066252112
906392130,177365.78399927355
907126050,137470.57238854063
907131090,186212.04613094602
907131190,208197.62301428383
907135040,164776.01807690546
907135170,148892.60141349438
907185050,196956.69208133005
907192030,200617.73003569257
907194110,205404.40867630445
907196060,224123.2761394152
907202130,158184.56394885352
907227080,116874.44148358717
907227110,104097.5932086049
907252060,263166.6131328326
907252220,233814.16618420853
907265010,211049.35604345793
907275090,216499.06587508426
907285020,236678.3572983645
907285050,189992.14074952132
907290070,175287.79958517756
907412020,193666.76870503093
907414080,165211.16406785886
908102050,108934.64858941606
908152100,141436.07236808052
908154040,289374.2161840479
908225370,52242.77198498325
908229020,67089.88496446701
908275040,165912.81264560617
908275110,157754.19738219294
909101010,148728.97673917346
909101140,156697.59269306163
909129090,126106.5359376554
909179020,261208.21057419322
909251170,153778.42621813787
909253180,116918.66145168905
909279010,192814.1546723452
909282130,129248.37413345018
909427200,160266.94110636346
909451040,115008.04466482987
909451140,132913.32763713124
909451180,132913.32763713124
909452050,197748.34540972978
910204050,195477.87051849658
911104060,26592.224439833284
914475010,115275.21108402699
914475030,163147.1962870328
914476020,123024.18395590154
916386140,222241.14452196553
916403010,192495.21143375535
916403250,217478.54316923767
916460110,208374.06618333477
916475040,311944.74299302837
923203110,176703.09320222418
923225360,79084.79628169819
923225490,89961.50565873277
923227080,179782.9382178521
923275040,160204.96570019887
923276260,143786.09685819535
923400025,163784.78994220297
526351030,205398.18532863824
526353050,238520.28352032928
526354070,207727.211631036
527106150,187037.0338345322
527127140,269621.0591591932
527140090,192663.0146406834
527145090,179488.25300439604
527165010,175627.88609966316
527183060,188672.26968607944
527214030,310234.090971523
527226020,194028.43168630262
527252080,277138.168292842
527302050,190272.50341716447
527357110,123519.81693722736
527380240,298171.7889574959
527402060,128167.04430163838
527450110,93859.20324996275
527450520,99297.69623835418
527451060,88402.40263966742
527451290,90813.45672532654
527451400,97320.25488932845
527451550,108641.19856640462
527452150,133789.92053724953
527455270,105824.04602207843
528104080,343715.39631190384
528110110,414219.0089953745
528118030,374237.2567247388
528142020,253183.29877483434
528166120,350541.28224384657
528178090,356377.04270957824
528186080,313651.9181711325
528228345,227405.66077906612
528228445,227109.90173069166
528235120,177488.50040564867
528240050,206253.68042168167
528280130,205662.4333376409
528326030,270975.79679413536
528363020,295063.0365151164
528363110,328849.2535077741
528387050,260926.65289853996
528431080,218188.8788036157
528431120,267944.3755804561
528458050,203026.3011914611
528462040,227495.6297169107
528478030,261687.50725068676
528478040,257384.60495781922
528490080,195546.61742326384
531363060,128859.5369026158
531373060,199513.56449034842
531375120,175391.59716244697
531376010,184060.57977477138
531382110,177361.7618038363
531382120,229070.61557472713
531450030,179436.3874125924
531450170,177083.1931498999
531452140,166775.98648057037
532351050,110780.02481437905
532353050,96196.09425806595
532376170,94693.3328991717
533206050,205270.488914401
533208080,156581.12327575247
533212050,142456.7166882152
533212140,168413.6276046601
533212150,168413.6276046601
533215020,249341.231290893
533215070,238872.42413798426
533215080,267894.21948108205
533217050,151403.76862854077
533234020,216090.3098405322
533350090,310568.2969693309
534126090,215035.96973614252
534127230,219530.3795971897
534128050,175664.511704075
534129060,211284.0580739428
534175140,181113.95162092734
534202130,157285.24017714077
534225110,199079.76311090664
534225120,199658.47475964413
534250010,209342.50765914764
534403100,167591.268183015
534428020,116282.02007549469
534428100,136228.90953759738
534453140,37578.137489848974
534477090,147473.24630249006
535105030,131891.54527850193
535126140,232199.570532344
535150210,105867.91195552814
535151160,153098.53602235953
535179060,194341.40411782815
535302140,99454.23907220011
535305160,64515.593457286086
535327230,120728.36746422804
535375160,80762.30203570839
535402120,184681.31276455577
535451010,82504.83139362969
535451050,106480.71816623918
535451230,52493.38989475586
535453210,140032.64729665115
535455080,96372.93024477527
535455090,103053.43638740826
535456100,76528.78769786122
535475020,177194.25755564647
535476370,156336.2418403408
535477090,113970.61737964641
902100030,113102.6907567856
902103150,145351.19591849294
902105010,115187.86092359452
902105020,247912.39229084778
902105130,48635.01068775859
902107030,125756.6336092642
902306120,129544.16850747081
902306130,144026.53303883018
902406020,100662.25516090744
902427150,129240.7388578256
903201030,146666.11399583958
903204095,95658.90430531943
903206070,153514.0785810377
903225160,105980.37371483484
903226060,178705.43676522616
903226150,122957.43190524104
903228040,174088.0598428567
903230110,119781.57822239
903232030,37383.278840971936
903234090,169058.5429799008
903400180,190787.77493116827
903401020,125640.50186974494
903453050,114528.39271923614
903454100,188892.88930516512
903455030,120972.02876370201
903455140,148090.4286576401
903456130,119759.50776791942
903484020,115340.58865032368
904100160,97524.91871258341
905104080,104964.78146365726
905202230,203820.8947849114
905300020,136583.2182820522
905401045,198472.32071326414
905426030,211716.78509412726
905452120,124610.17456965738
905477050,138154.5064472172
905479110,110046.56056037634
906223140,214793.91828114894
906380030,276499.4595835358
906412010,397794.8032627021
906420130,234421.75891639752
906424010,238035.82486881
907135260,155556.53809557014
907192130,238657.28274560205
907196050,214211.48650730425
907201060,107452.20914869083
907227300,88924.90966709706
907251090,273440.5776919587
907255020,276415.77522766945
907255060,296616.52288348065
907285080,201747.28082415342
907290150,147570.31990517527
907295020,213286.2132801074
907405020,216667.42888713174
907418010,250884.78721741028
908103280,177141.04487269704
908128050,136854.6695835327
908151040,149149.46148327072
908186040,166175.56107693506
908201120,128505.31758068386
908225170,58687.963953598985
908250040,61596.44389279891
909101180,131758.0014457854
909131170,90969.84235185735
909250230,158518.89658121692
909275050,161045.58340686935
909276170,166975.09126211665
909281110,182603.8501952362
909425085,223816.35699571643
909428190,274452.9524102115
909451150,152700.30112088003
910200080,97675.56673301553
911102090,47116.21836480446
911102170,75698.54147276474
911370490,267978.9061410602
914476010,158613.78666708778
914476450,224878.91018567517
916125425,214441.8624503274
916380060,242151.36419471962
916403230,215343.18311300228
916460060,229319.63891710073
916477020,301896.02062327694
921126030,276004.00448140746
923202005,210870.31553028434
923203140,172611.25259456484
923225080,131835.35789953545
923225370,91465.90799585043
923252100,101074.4354867317
923277040,142286.29604798177
923426010,118939.14654365086
924100020,186221.71192890278
526352080,220513.4231183731
526352090,175648.40724889276
527110120,182186.70116531724
527158090,169264.85072167503
527162090,188153.9853194178
527163080,173986.42031237533
527165100,145140.915373917
527175130,151042.38868012332
527182170,232060.5653802094
527184020,161477.56194928038
527210060,310636.03834037547
527226040,192196.31385389867
527252050,263392.05163739756
527252070,230257.58994137027
527301080,193883.00834345352
527302090,235647.22724331793
527325110,203934.0547868961
527328020,140783.2348539438
527359010,195526.9033911022
527359080,194735.11864380207
527402240,166584.65056633804
527404100,108644.9469239421
527425140,109335.59342082196
527450220,112834.55619809694
527451170,146819.42889230637
527455030,124176.65870790284
527455250,125833.7395449783
528102120,293855.69670031633
528104010,373959.62289046345
528106040,374504.2617050044
528108160,288687.5822899625
528110070,324963.36649042944
528110100,388146.7570429974
528112150,283067.5134133838
528118040,398650.4042918262
528120150,312963.89769147057
528144050,328216.7780533919
528150040,314593.8714275098
528168040,296140.39574476646
528172050,255846.98000388045
528172075,251561.9411506544
528174010,224467.51538302258
528181080,227192.69603274402
528186050,266782.70638710854
528186090,259225.1095564008
528186120,308722.1702356632
528188160,229152.17475296577
528218020,193939.951431178
528222060,177775.75817529118
528222090,184801.29772343254
528231010,249982.8714011499
528235000,156423.84605184357
528235160,225407.32011638084
528235170,243253.27673214197
528290170,191556.04935605926
528320050,473909.9664945425
528327060,403366.0630271081
528354110,304489.7654495215
528429090,317102.4098975692
528431030,248011.97156476995
528431040,338190.57992311445
528431110,313118.85237356887
528435070,281321.273844675
528445020,230944.68263953924
528456190,202970.89797777057
528456230,199824.33011377
528458080,204316.59324695246
528458130,291772.699671044
528477020,256664.28664865933
528482010,291767.1997221756
528482090,303568.66219003435
531375140,173180.79489668843
531451150,127660.34883011409
532378240,107498.77856377732
532479050,145920.305659078
533120030,359454.6522494352
533130170,337260.5338170778
533208040,224503.8706285616
533208070,154017.4388743089
533213130,180077.66611092002
533236040,184456.22353791472
533242090,249550.8587057058
533250190,242896.2044181942
533251110,307007.76622797054
533251130,197978.32229809082
533254130,159197.86335792104
534104090,228188.69760593635
534125120,137046.18854800172
534178010,114920.74198140629
534201040,131906.09763109815
534202030,136862.4253952921
534252110,150704.87581163945
534275170,131400.62305540964
534276180,131219.66296580748
534278170,152718.93779665395
534278190,89532.99357032334
534403290,231441.67036710907
534403420,149374.2727541935
534425080,214057.3272953019
534429030,73157.41957839235
534431020,132228.87739385758
534450090,-19312.683217744896
534453080,102284.95549205435
534475170,198821.67791763664
534478140,153593.3284245117
534479120,120830.837923452
535101150,195335.43543061332
535105110,178604.95300383083
535106180,129075.6029881798
535151100,113103.14958900493
535151110,141240.06260428551
535152060,124850.77391634387
535177110,203215.27226010532
535181030,203158.77161723207
535181140,153404.6812147366
535302070,99898.27807822416
535327200,117300.31178571281
535353160,136405.36447014852
535354050,142463.20907396317
535375130,72799.50093938396
535378080,156755.45046086298
535379110,136201.78834703198
535382150,39626.72265119615
535450220,127615.94087360866
535451040,80034.05678538614
535451110,140027.49116913643
535452060,148054.70740791393
535453080,129177.40802342474
535476360,192156.2753356295
535477130,148717.26963588028
535478040,96557.85120137165
902105110,96584.04536518412
902106070,132173.28856177372
902110010,117872.33749122961
902202070,171737.64486534815
902301030,124448.39794698308
902305010,173989.2712654332
902408080,264831.411878337
902427040,98889.50601477957
902427180,105991.71344353774
903225040,105172.73923814867
903231180,88550.03919021161
903232100,156299.23313986298
903426010,169097.72264446184
903453080,209475.98552975536
903454010,123069.1824316183
903454090,146456.71478054012
903458060,156032.28899638215
903476100,60648.32548457272
904101070,278125.4657763381
904301110,74270.26204283304
904302010,111755.35308831543
905100080,203266.7847477865
905102010,158592.55882749846
905103110,121109.5480298909
905105040,111909.93992726105
905107140,146396.31110712723
905201080,186000.80854346434
905226080,142214.2054269011
905226170,175064.88517837517
905301050,266634.6535814537
905376090,152892.61133047717
905478140,129100.20455962498
905478220,172647.19287884416
905480090,84433.15439974374
906201022,184494.37551814507
906201023,239941.19143313472
906201200,298327.43044380966
906380040,288714.5183884682
906380120,206566.55859893552
906380160,206571.46809267392
906394050,210414.61506940116
907125040,158976.23456036235
907125120,134676.4327931198
907135180,108668.15118889413
907180040,193981.63015144263
907187040,216006.54927324556
907192120,212855.4777119874
907192150,182631.07220737718
907202220,112153.48876734244
907203060,113996.33615240247
907260040,230976.58482556493
907275080,235963.36854521523
907290140,148600.19274444686
907295040,215336.32873731753
907410020,171604.92905661557
907414060,207166.43648092123
907420060,190511.98002377513
908102100,144957.59779674205
908127070,151277.22018083057
908152070,152984.76552092226
908152280,171943.85893547512
908154205,575019.1167299405
908225240,82293.38466821822
908225310,87735.915484617
908226180,70463.15991317174
908250100,107166.00107769201
908275090,123845.02540117092
909252010,136601.59498905638
909252170,132205.97483295974
909275110,149516.38383715702
909276210,157303.68664447244
909281020,113897.0182347364
909428180,211294.69038627067
909455060,155796.25171648705
910201020,67604.81927164197
910201180,186633.20605887295
910205130,124218.40315646399
910206010,25410.61746569854
911128010,150400.10425341554
911370460,275426.38195189193
914452090,159345.48132657557
914452190,151372.3747875389
916384070,343152.8684651924
916384150,281855.9339467457
916403040,164620.5605828486
916455010,196331.2043601947
916455150,355997.74555543263
916460020,215126.38604522962
917425190,233468.06664181038
921205070,300914.2227530886
923202134,131786.45683579188
923202220,168949.7190866677
923204140,188481.79580695712
923225050,156240.26993137298
923228220,79503.80468057192
923229010,148497.5072638207
923230180,106151.91347467112
923251160,178136.9765753494
526302040,116155.14633311218
527108020,281687.73710224894
527166030,186261.96822243842
527182020,164142.55781613267
527190220,244574.63369044714
527210040,411517.8607270606
527210050,294437.9131481495
527216050,320954.22601506603
527252090,274659.36960869934
527254070,289500.40745281224
527327080,161811.10614721014
527356020,263385.8724491712
527375160,181968.17682940076
527376110,163030.49166311865
527402210,120510.29524113325
527403120,77009.50820373863
527427210,214493.01683687742
527450080,145393.09781742477
527452290,150494.17678803604
527453070,122931.31830927508
527455100,151490.29842975776
528106010,300844.5558473899
528106120,283610.8915215207
528116030,310353.32583199523
528118010,298914.7465311414
528120140,300140.5270675178
528142070,314076.45854793896
528144030,281935.3863997605
528150080,319131.0534092344
528172020,255403.48688056157
528181030,240285.17045487245
528181040,240285.17045487245
528186110,284651.3840916274
528218060,178902.76540811194
528218080,165039.41405277903
528218140,234541.30852983176
528221010,191278.26765631858
528222020,165039.41405277903
528228360,228226.37154043088
528228565,233648.09691198182
528231050,208601.8961439802
528240080,258109.48144047114
528275060,193195.82157611876
528275080,203819.5719323835
528280100,197460.40217913437
528290140,194517.04085713174
528294070,247528.99264606854
528315070,298508.82273124956
528320060,383669.26310415764
528358030,361651.0701562072
528365090,298943.432555818
531375070,178644.34482360104
531375100,187725.40879575053
531450040,164752.1528822242
531452100,167538.62389968484
532353180,159315.13817213778
532376180,115538.34456956232
532476050,292273.6509117393
533110130,266291.4697274932
533128030,246445.4274809949
533128090,252505.55302887026
533212100,149194.06464186977
533212110,150938.5465035735
533223080,156141.08850233114
533241010,171238.54894557627
533242030,234280.1229690052
533252020,168147.86638514398
533253090,181818.04303503764
533253160,180363.2157034544
533350050,316255.5962559758
534127190,273893.58558080066
534129230,181843.88297955188
534176250,152711.15305234148
534201280,120284.08585491133
534202180,136553.45166084255
534250300,204659.21346689746
534276230,235609.45494944026
534403280,178814.75845134447
534403440,138143.99908013188
534453150,144462.44647363847
534479240,159705.25277665618
535125060,221781.00517646366
535150240,104041.45725296183
535150300,346818.6888887339
535151130,139455.9536328593
535178100,143732.0337457969
535179050,114203.65028815561
535301150,133423.79679895536
535304020,130449.83080124189
535305120,156110.60296439775
535325460,235046.30089739614
535353180,334620.1048946746
535354130,124666.48941771973
535355100,77913.14739332547
535380130,165257.92513106266
535381060,138799.72161831398
535402100,152745.8881000436
535403150,120533.36282393336
535404080,75162.41392708055
535425040,210251.24988323604
535451190,68777.12772491596
535454030,42047.71880958046
535478010,97165.7657158162
902100130,80675.13581727706
902104020,154938.92587543474
902106040,180391.27198775468
902110120,168703.1284110375
902128100,107723.80544550574
902325050,157554.77447297156
902325160,97706.77654917524
902329070,113208.91461762646
902329090,156281.72086135007
902456015,83550.36513689751
903200050,64341.308808268004
903231190,97816.00159090644
903232170,33182.66571364281
903235020,30608.712093810784
903236200,106474.21131115404
903400030,58966.51905106216
903455090,133248.1734051509
904100090,226984.96719486793
905100030,185109.10164300422
905200380,104379.10686607905
905201090,200729.72323902688
905351045,139266.78847754071
905426100,161720.60788415238
905451050,206797.48007973513
905452150,137126.30062565074
906204180,250508.40171605168
906223180,200369.17019005452
906225180,214913.44640868594
906380150,184020.06268005513
906392120,253289.70053445938
906394010,207976.04332522076
907125020,143231.45950316958
907175030,224666.25701034488
907187010,207995.2524024113
907192010,201263.1376434774
907194130,207434.09197133427
907201160,145431.65361597855
907203010,95793.23555911325
907227090,97975.35423950576
907230240,144150.63817816426
907290080,277066.92744935455
907290260,249331.69350334565
907410100,187932.27916130557
907410110,244466.61016992124
908102320,198720.90214963356
908103320,97705.68897825724
908127050,137109.59951923572
908186090,168945.926918081
908188120,208612.54820276148
908188130,207974.3592920584
908227040,96818.2176304697
908228040,100198.68729063521
909101050,87092.88527549981
909101190,178026.14282314503
909201180,107517.00990240804
909250200,101033.16427627175
909254070,138750.37003312606
909275250,121592.03047301277
909281010,194702.3365705951
909425120,235669.94509678025
910203230,36012.4354246092
910207110,76168.26964077304
910226060,146068.86238595893
913350030,215967.15671131914
914452060,200809.1735856674
914474020,210772.20286905777
914476050,157903.15607999833
914476500,273395.1251279665
916402125,177582.0429066005
916403020,200902.89513638124
916475100,308401.1235614639
916477010,305265.54476564686
923125030,84650.87313270356
923203090,172177.8379073749
923205120,134857.74414244114
923225240,136175.59420305796
923227100,154796.0288619362
923228310,87137.32784525804
923229110,213123.76925997392
923250060,160817.56492380126
924100070,183674.11909141517
