PID,SalePrice
527127150,200006.42316715635
527162130,173861.7065828323
527163010,164578.58012388178
527182190,227558.933463098
527216070,413339.79045100074
527358140,236847.37092260006
527402200,137619.90052624262
527402250,137807.3664853782
527425090,78175.74798675848
528181050,216055.7987371671
528218150,190949.256276851
528240070,218140.73576081055
528250100,139560.9344115148
528358010,244249.29182560547
528382030,219462.33612318977
528445060,253372.3799758567
531367050,232026.85339129536
531369060,202197.29147656445
532351140,140423.07461476568
532354090,146642.75818213949
532376160,127326.81202698963
532479070,170433.49990157183
533212060,152943.96459958685
533221090,179260.48393015013
533238045,266311.9038872698
533244030,221660.26898657606
533352170,175800.97176605582
534152050,204473.25464430288
534152070,200319.10957188025
534202160,139192.49359681207
534251320,163093.53174358208
534276360,103974.586479427
534425310,133084.55643612676
534427010,169945.16400196528
534431050,260354.6367191887
534431070,143975.81729396622
534479320,148119.11324411543
535106190,189483.15503604832
535152250,137663.15617520228
535302080,115548.09448343122
535350030,134677.16666798375
535350040,107458.48990713277
535454070,107888.64697450337
535457090,137642.06484852248
902102100,126577.74371720925
902104060,56803.075485914946
902110090,171856.83820462864
902125080,158142.56667402477
902206040,132345.7215899908
902207140,83725.40593029076
902402010,162238.05604873213
902402250,167544.20527724497
903206120,209195.4409777804
903226160,88084.98722025151
903425110,125983.92788722385
903430080,105988.65786215785
903450110,159923.57739271616
903454060,57342.961451328156
903476030,171916.53253729298
904100140,206541.47703327652
904302260,136019.47296744084
904352190,144384.60957998197
905105200,113162.13979422222
905106140,127597.75281601064
905109130,276155.7501519383
905109170,244561.23366640293
905325030,243974.84697827033
905352140,211490.3330622426
905451320,143809.8191552508
905475510,105099.97469683352
906201120,223064.60193110575
906223090,228438.8320877226
906380190,195504.49211279082
906385020,188298.38326010839
906402200,316426.79910258565
907200280,171532.64478488365
907203070,118032.28084106228
907250030,299667.7928408572
907290040,208874.6925458272
907290170,154847.1291767349
907414030,214213.97031124745
908102060,10672.734600335854
908102110,105600.53726132435
908103350,140202.85534308487
908226130,63411.13087152556
909100080,127450.27805763403
909101070,16221.388782809954
909250060,201498.3468094155
909428280,287024.2131277536
909452114,161335.89992757762
909455030,188806.66018455278
911204090,156319.2304333441
911370510,265979.86431521067
914478110,224457.90774371312
916386020,183072.16522007048
916386060,136019.00520978103
916386090,251978.15898566323
923205015,190298.89947654246
923230190,103371.58430537416
527105070,173689.92694318644
527105130,273383.14176462084
527131030,254311.54759083223
527146010,235372.29923801642
527180100,177209.765285261
527276160,207016.54780981626
527301320,264075.9430146086
527352150,209980.14371763915
527375180,135391.00667055015
527376100,158489.8035193639
527378140,199816.49902155242
527405180,111206.12440923086
527425110,115940.20495151392
527450280,76439.35230450811
527453060,158343.373228291
527453140,130492.4603589592
527455050,153662.58779811196
527455080,174438.89998390913
527455090,96778.29064653136
527455280,176526.65862364328
528102040,341348.5666209039
528102140,397335.6152103757
528108040,338782.7140742106
528112040,338342.4321947242
528116010,303718.0088051278
528118060,335571.75063600764
528120030,345803.55435129185
528138010,345989.71462477255
528142040,303285.40869531326
528142090,304558.9055986948
528142130,304217.5624689632
528168030,271879.55905557633
528174050,222579.54714858043
528174060,222157.77316320938
528218090,177204.52993956977
528220040,198338.6415285222
528228295,235204.1832040771
528235010,183805.514321237
528240060,170851.14345111253
528250020,189899.69410898906
528250040,167608.81596223498
528275070,247982.73285667395
528280230,229918.28536810778
528290030,159157.81309259625
528290120,190304.5289088547
528290180,159052.24203720453
528292030,269588.63935866544
528292070,229379.47741465096
528294050,135081.30031548173
528344040,303481.5435743198
528365070,305190.86844462284
528431020,264321.8406664846
528435050,280625.9492532215
528439060,246241.51416330956
528441020,253656.8500709281
528441090,430479.66944244236
528456180,200875.45211627102
528456220,194251.37280356343
528458060,210490.38097404595
528458180,229486.40741383808
528477070,242839.15141360165
528480040,267805.3340524789
528480130,198270.55859063243
528482040,260334.80264061512
528490070,196709.99152551187
531363050,137520.76784076449
531375040,183654.79582054468
531375130,148194.8083485705
531376090,225486.92799079922
531379050,235064.6905429926
531385020,214240.30763897632
532353020,104489.41188027561
532354230,88583.6392648004
532377130,122870.05325692291
532478020,290936.8088541198
533213020,216033.85913975636
533213040,147032.581550257
533236050,202565.35966880654
533252040,319649.0869685116
534127130,175168.5804491512
534127170,190480.300977452
534128020,207478.85528137436
534129080,234003.42287130005
534152120,172141.31878953424
534175080,229281.2819022021
534177230,201839.40958936373
534200030,95368.60677483484
534226120,106226.37948779504
534251030,177590.577732775
534252240,154901.55007375832
534275060,116404.79433831472
534275100,101286.64253801493
534276040,83808.54060078817
534400290,167112.24063573102
534451110,99823.18323912408
534475185,163093.33180119877
534476320,113588.51264669656
535126010,212848.52810434857
535154130,138586.22734653574
535175030,157894.4362628998
535175050,130307.40823612617
535178040,121094.41840478545
535179160,135805.06956339048
535301170,157834.26667946865
535303150,110285.9153514361
535325290,116621.43962228343
535354070,125050.23205279809
535375050,121307.96958706922
535381040,187821.76475336615
535383060,99500.37590588954
535403190,163584.9328166593
535450160,48995.30359741402
535453200,129929.02259352333
535475010,159739.49303425523
535476110,152477.47605192722
902105060,122181.10745224266
902106010,147713.84337505983
902109130,176903.9123152668
902134120,110245.2540869996
902135020,153976.97500808837
902201110,111928.97260177124
902300090,78617.67149144775
902301060,144305.225932957
902327070,173251.57373589947
902329080,115845.58032928711
902330040,194138.66287683052
902401130,139047.97517883102
902402150,48047.00533803445
902405100,155489.6081919703
902406070,141104.77377655887
902477120,41880.05528302767
903201020,142954.9347544749
903202170,136126.8383824372
903226130,104101.8187777582
903230100,110233.64300435259
903231010,140344.85585211185
903236040,132337.9113483277
903400220,171609.6298634644
903427120,142711.5371857427
903475100,111747.43364830498
903476090,93669.92356086995
904100190,106926.84214211536
904301070,109956.91959357221
904301375,66152.97255672437
904351200,88668.1943344419
905200260,130263.34675484338
905200350,141824.7755817839
905325020,211164.61525218363
905451300,107021.8617661763
905452040,157871.01725964982
905475160,142043.98530584504
905478030,132408.57493700838
905480030,91770.8681906545
906201050,181491.44646566693
906223210,235064.91476826256
906226060,165358.80146108157
906226080,183261.71034218403
906226090,167243.36791540816
906226140,114216.13261522657
906340100,357521.7688918683
906378110,256587.8731692831
906380060,296707.53416834725
906380100,274056.4637926981
906380220,213595.05613898803
906392130,193636.83697512717
907126050,131106.95815819007
907131090,217829.22049702052
907131190,188699.11187446612
907135040,156884.9515206652
907135170,125441.69514054604
907185050,185805.80803418762
907192030,192595.89870933315
907194110,209014.02966813894
907196060,227574.13836667582
907202130,171550.35548624862
907227080,116512.8210807241
907227110,129101.32594219036
907252060,267853.2359713035
907252220,247976.55626577875
907265010,216307.48324165898
907275090,224978.548369071
907285020,208137.10412970895
907285050,204794.5822358034
907290070,182580.562371968
907412020,202648.50611472732
907414080,178563.206901026
908102050,73442.69797961575
908152100,145229.8342621134
908154040,330751.34622357343
908225370,56649.3369986708
908229020,106468.4435570264
908275040,154709.3088599414
908275110,141265.582436549
909101010,114146.9352779421
909101140,127645.36491487172
909129090,91812.92843685264
909179020,230036.18054128252
909251170,138105.43449683307
909253180,130666.8640405596
909279010,214202.52796822108
909282130,135211.87769634806
909427200,148349.64717455386
909451040,110636.18327750912
909451140,141575.29118341493
909451180,141575.29118341493
909452050,181725.30888938942
910204050,160896.61374783862
911104060,40279.5694339223
914475010,124400.23971023613
914475030,192937.55079978827
914476020,129522.00029831452
916386140,229604.95582380134
916403010,186230.5804551169
916403250,186008.69251294713
916460110,224504.99902017383
916475040,356905.66132884566
923203110,166369.8231258171
923225360,101025.66883264204
923225490,95849.79803633115
923227080,148409.93437160805
923275040,170661.21191294777
923276260,156463.81228384216
923400025,152487.2008312659
526351030,262722.5042828468
526353050,247868.2535008532
526354070,223219.1841318519
527106150,184188.1395576776
527127140,282708.79778924026
527140090,197337.32533113507
527145090,189149.61302722094
527165010,165543.7225777542
527183060,203227.19481953912
527214030,355485.9829795174
527226020,141768.80436462024
527252080,328544.74212572526
527302050,187541.4397911465
527357110,119836.5772149748
527380240,286973.3601219025
527402060,161855.95371875056
527450110,77558.69813190438
527450520,89932.79300150197
527451060,86431.56151736499
527451290,76743.32417761412
527451400,58089.63846285052
527451550,95542.52188549044
527452150,137365.63794000083
527455270,87382.4114291906
528104080,404163.4622907263
528110110,386308.86933651834
528118030,372275.0864391923
528142020,313343.2909428822
528166120,349520.885760308
528178090,361008.1509221792
528186080,331241.97716188256
528228345,231568.98947738353
528228445,216688.67195038334
528235120,154643.94438105385
528240050,208516.84244879143
528280130,187775.11519625134
528326030,278448.76781117916
528363020,317358.7523831093
528363110,318637.6938156418
528387050,249732.83411082375
528431080,211117.48543255244
528431120,264964.85715863283
528458050,218975.71146994573
528462040,208542.16988978966
528478030,262140.99347250146
528478040,260270.39533162385
528490080,207505.26024328684
531363060,128988.5339335606
531373060,204260.962832018
531375120,159802.6401395652
531376010,192673.35840852812
531382110,193729.4598160965
531382120,210235.22679240766
531450030,195936.13933356246
531450170,194242.97140431218
531452140,177891.89447677368
532351050,102302.10201106036
532353050,101606.01540911994
532376170,83045.04017796497
533206050,208657.0500881716
533208080,162419.86740332752
533212050,152720.98850882717
533212140,172937.0644618812
533212150,172937.0644618812
533215020,246398.52177617955
533215070,237083.82054155934
533215080,269942.1384146451
533217050,152604.70060620268
533234020,172549.23452742663
533350090,300262.7628316644
534126090,197697.22457148685
534127230,207333.2502539003
534128050,174748.6408308188
534129060,211599.21575984344
534175140,183949.4533904838
534202130,135378.94694352918
534225110,190407.9689762305
534225120,190407.9689762305
534250010,183816.68594578604
534403100,157879.7761974557
534428020,116105.72481935847
534428100,130711.90715249466
534453140,70810.2401784013
534477090,151646.0957726727
535105030,135582.10647620284
535126140,228946.55484436057
535150210,126185.20211877415
535151160,149714.6482469629
535179060,167442.04332807416
535302140,98477.71564253847
535305160,68035.345314021
535327230,87523.95303266968
535375160,107536.13209527744
535402120,177030.36963770547
535451010,125871.17738689476
535451050,143541.60651226572
535451230,56388.75509772677
535453210,147112.8890323987
535455080,99007.9357548046
535455090,106672.95493384362
535456100,97447.50571991742
535475020,166269.68401438114
535476370,158568.93070427404
535477090,113164.66260740766
902100030,89540.2048450273
902103150,135616.47461244412
902105010,79151.8957801188
902105020,291365.2281873493
902105130,64700.84645375119
902107030,137749.33532819722
902306120,173260.57664491967
902306130,130902.47605990269
902406020,107064.95328330406
902427150,113459.71199184466
903201030,142759.38464355597
903204095,81602.94033477777
903206070,145212.70498262625
903225160,107344.93292008691
903226060,167479.65733169438
903226150,90745.45439296114
903228040,134645.07723370698
903230110,107999.40333324707
903232030,30365.52368025671
903234090,158697.3004055106
903400180,177606.77392310242
903401020,137518.33230950087
903453050,132948.4490819223
903454100,173186.2473007831
903455030,78309.88561717546
903455140,114090.48871269598
903456130,107277.86326286089
903484020,113532.408555206
904100160,104047.87924763736
905104080,113047.03114655499
905202230,206486.82826341767
905300020,170889.791907372
905401045,189975.81712362194
905426030,181564.2975233521
905452120,153858.41062475252
905477050,131498.15843983166
905479110,111881.7769044303
906223140,237485.7236087915
906380030,272108.8823932207
906412010,364578.4230616602
906420130,249993.4667816262
906424010,238997.85052371206
907135260,145091.68620327342
907192130,225755.11393779799
907196050,220705.54787407705
907201060,166104.57616978406
907227300,109948.94597535254
907251090,251492.18692493445
907255020,267778.78929881286
907255060,295488.20141688583
907285080,214748.9464922699
907290150,157085.8208315274
907295020,201396.9668300227
907405020,231131.2001736712
907418010,249355.8107411013
908103280,130375.77100738324
908128050,154316.44747184386
908151040,156385.239890909
908186040,145901.0238376787
908201120,117359.06889552154
908225170,70956.44168293147
908250040,62340.92808624508
909101180,90775.23722956031
909131170,127146.93066263327
909250230,180952.46783746048
909275050,141241.96043300632
909276170,153457.47722727625
909281110,172534.2114880049
909425085,208974.38280332627
909428190,247485.5664825681
909451150,157406.99277779052
910200080,95284.44749328344
911102090,83437.57829573637
911102170,63723.22326604658
911370490,318888.84774237545
914476010,152552.49246361703
914476450,213106.8362654772
916125425,214185.99353682523
916380060,256543.61342540523
916403230,229678.3684589011
916460060,250174.01672935576
916477020,300173.35854352836
921126030,274575.6376790163
923202005,182986.07700158752
923203140,163687.8495161027
923225080,146436.71650743368
923225370,115538.76392725311
923252100,100582.84889113402
923277040,127074.60567971379
923426010,115628.18341863828
924100020,164047.9897367917
526352080,198803.4436728221
526352090,148287.64147972772
527110120,183972.75146432492
527158090,162451.23877099698
527162090,155098.30137635642
527163080,147290.98504971658
527165100,143868.195542829
527175130,159749.54482977992
527182170,230178.51142118286
527184020,179112.24716861668
527210060,312291.39548880456
527226040,187452.47937103338
527252050,269377.3885216763
527252070,244641.0491608777
527301080,220602.35468187236
527302090,219434.85650647111
527325110,211909.75498998657
527328020,156196.27941183618
527359010,207932.79045777838
527359080,212218.4504611915
527402240,172755.167851495
527404100,98779.14004731283
527425140,111165.48185029702
527450220,103784.876004019
527451170,110876.70438028
527455030,138392.082683177
527455250,113599.4699506316
528102120,290314.0151706216
528104010,345177.5626536982
528106040,400625.28863359534
528108160,285455.9522772244
528110070,314842.8527206149
528110100,410067.15198117355
528112150,264667.8482286935
528118040,377710.6358283494
528120150,323183.06805499305
528144050,322288.5648013742
528150040,354800.1433373407
528168040,285722.90873988066
528172050,252196.2897523825
528172075,248278.5121806054
528174010,224294.110839445
528181080,212174.76266840784
528186050,306665.81432069157
528186090,304543.5058409597
528186120,343703.29667973926
528188160,218716.46469911622
528218020,194944.16129800145
528222060,190614.09536714194
528222090,197302.97079406903
528231010,253224.57701991143
528235000,171982.1601043301
528235160,238781.38120242505
528235170,245905.76901935885
528290170,180881.07187793817
528320050,499354.08393037936
528327060,450069.1691215922
528354110,292625.81339342037
528429090,351141.7434514354
528431030,238245.19460326788
528431040,388785.4583577566
528431110,310067.9897992565
528435070,261016.74910138687
528445020,231753.86298280334
528456190,203700.1068843191
528456230,202741.55596974283
528458080,223123.67408647537
528458130,307274.2562975551
528477020,262896.68107261456
528482010,273184.716384336
528482090,295834.68112443126
531375140,182866.10416315612
531451150,115187.28341775559
532378240,100392.43887946947
532479050,148791.9428127458
533120030,347133.8229092093
533130170,332215.23465083004
533208040,201343.66576014098
533208070,159759.24659485533
533213130,158625.99666025196
533236040,175013.76380173926
533242090,263793.58110140177
533250190,242507.27484704484
533251110,315654.9156368808
533251130,219502.11587795397
533254130,193266.16801481697
534104090,237742.77849558264
534125120,132871.6593660594
534178010,109246.31942002429
534201040,121911.21508226315
534202030,126020.00167952814
534252110,127232.22674582941
534275170,125885.04343746627
534276180,107492.95209553889
534278170,140106.67959730796
534278190,107621.74347864982
534403290,204207.99395289758
534403420,145709.12059399893
534425080,180834.40636395657
534429030,86351.17765019441
534431020,110240.35166409164
534450090,12092.714686254563
534453080,105948.03795766718
534475170,195727.85619790005
534478140,146667.63978806406
534479120,123458.87566456682
535101150,184662.34664759
535105110,166049.2930955073
535106180,129480.17578915833
535151100,109828.62154770474
535151110,145693.36336070008
535152060,116173.23498018718
535177110,198541.1924616999
535181030,184302.91200081713
535181140,168403.87343059422
535302070,108505.12618181294
535327200,122729.02877273664
535353160,147032.3793373418
535354050,115536.11685394967
535375130,89465.43854756195
535378080,127477.2804661443
535379110,145905.17872990327
535382150,77178.20130315161
535450220,107010.60148624575
535451040,110551.55140301828
535451110,128761.70129674283
535452060,130026.50593525553
535453080,123184.53660606743
535476360,195786.6611731414
535477130,146905.77425700557
535478040,107875.83153503234
902105110,103499.76124807945
902106070,124445.57338608286
902110010,99382.1301648469
902202070,160583.96742723463
902301030,131561.37128752985
902305010,117763.00751666698
902408080,226620.60360799544
902427040,90961.2777195945
902427180,108909.04926891715
903225040,99132.21071307824
903231180,126109.36371682238
903232100,147185.33566124903
903426010,128709.31059213771
903453080,214057.29343859458
903454010,99883.63674003868
903454090,136319.13286012458
903458060,133683.47194617413
903476100,74612.29953488977
904101070,229495.68912364732
904301110,97046.57867431134
904302010,106753.00859709232
905100080,188925.69936013297
905102010,164701.94068993104
905103110,108147.739965242
905105040,93533.18406607938
905107140,142588.0700978968
905201080,154151.8292324976
905226080,138971.69041945966
905226170,146949.0510983429
905301050,234831.90251558568
905376090,130372.61783734043
905478140,167008.03876510196
905478220,158902.78048291133
905480090,125534.84217652716
906201022,210170.92537931286
906201023,252370.2792316569
906201200,297069.89489981916
906380040,277676.80275745457
906380120,191825.58962314943
906380160,214225.37024752123
906394050,207958.6936837574
907125040,152856.9553865341
907125120,128843.31109975645
907135180,116248.62897786387
907180040,182175.26554521584
907187040,233812.20371905586
907192120,226001.54634219685
907192150,196496.25663493495
907202220,111024.62360285982
907203060,101568.14134126734
907260040,226536.47161424937
907275080,235489.7688101858
907290140,158205.1666589237
907295040,219951.0862134298
907410020,181875.64351894613
907414060,223337.45188152848
907420060,193836.32243394104
908102100,150965.99158387075
908127070,135282.15204575856
908152070,140170.88930717827
908152280,161697.19445291976
908154205,611085.6926088524
908225240,88194.24283982512
908225310,104758.89500486194
908226180,54702.370468809895
908250100,93778.22872669612
908275090,121451.99342247106
909252010,174606.1993610151
909252170,130543.39423470604
909275110,146108.03355874884
909276210,135000.3144172231
909281020,95962.10195630779
909428180,166591.80628247935
909455060,146712.0495477931
910201020,93478.48864935595
910201180,164268.3160995668
910205130,129855.24357547698
910206010,1067.095566535514
911128010,140599.82422726197
911370460,252936.28747264124
914452090,174125.4421516652
914452190,125833.88251538406
916384070,250512.365994899
916384150,259163.42983075388
916403040,174538.52168167042
916455010,213988.92456264832
916455150,313513.55279575917
916460020,237344.86597909773
917425190,208504.44756581142
921205070,288110.2067625481
923202134,136596.13846732563
923202220,179571.2180515723
923204140,181956.41163834193
923225050,155659.92476420265
923228220,87087.6687490911
923229010,158027.70757847332
923230180,133486.37093558096
923251160,148344.2141664388
526302040,114752.44089003443
527108020,263665.7968884787
527166030,178497.27437719886
527182020,150246.0750456587
527190220,254855.76114302926
527210040,451699.20398289245
527210050,304358.8396052968
527216050,398187.0375873747
527252090,279710.23626994144
527254070,283268.6167452046
527327080,166591.50828353016
527356020,265239.2399119642
527375160,156059.1484242077
527376110,168901.76042150898
527402210,120427.28436942096
527403120,68559.66345857613
527427210,211857.26802921254
527450080,128507.62914693175
527452290,167059.37829729923
527453070,123603.35831374509
527455100,153347.69378635977
528106010,281663.9744289443
528106120,273890.28130045446
528116030,308304.5406994554
528118010,308411.97242433066
528120140,346449.255612936
528142070,332184.19658000104
528144030,262474.44588740595
528150080,357153.53754446976
528172020,258351.40550257295
528181030,216173.45869115277
528181040,216173.45869115277
528186110,312010.6972842816
528218060,188176.96730446885
528218080,179296.12028856747
528218140,247563.0046445104
528221010,206115.96984587808
528222020,179296.12028856747
528228360,227762.54089435423
528228565,233782.49095707273
528231050,217236.65418312984
528240080,250104.7290357085
528275060,182165.71674712785
528275080,198086.30396738334
528280100,218955.04765106062
528290140,183387.60033222532
528294070,249232.91492739966
528315070,272039.06593133335
528320060,409174.4900228437
528358030,331064.36306860857
528365090,292374.17151488794
531375070,186479.0123872616
531375100,167395.10055550258
531450040,181585.46590777056
531452100,179628.7260832677
532353180,168314.25704068257
532376180,104014.82226078962
532476050,297109.7575788214
533110130,270975.4453819265
533128030,259848.58786080344
533128090,248829.4454905012
533212100,128472.4103565597
533212110,154652.13818603882
533223080,168265.62009128352
533241010,192898.7006092884
533242030,235481.70550086873
533252020,201656.63686184722
533253090,199573.08356928464
533253160,199009.59777278703
533350050,323834.43077955546
534127190,257677.42266854056
534129230,159400.2368010064
534176250,136475.08729745666
534201280,121121.2169643007
534202180,161197.35435276266
534250300,186263.77139006357
534276230,187029.1360963412
534403280,163197.77133278182
534403440,144432.60576197947
534453150,148107.8677762822
534479240,143807.44342926095
535125060,209438.96519917558
535150240,91593.36011600749
535150300,297079.3637158707
535151130,155017.78748185298
535178100,161320.3975697655
535179050,118151.44857951123
535301150,128262.54360853914
535304020,109223.21852096451
535305120,158470.84667094264
535325460,232011.87726260143
535353180,245245.58505751312
535354130,136214.3500908093
535355100,98896.22738779479
535380130,172423.94925289263
535381060,106252.20421931235
535402100,142892.52032373176
535403150,141189.54735056675
535404080,98222.99386571352
535425040,182524.92693432985
535451190,101398.04089515185
535454030,46617.57338801649
535478010,111436.0166005746
902100130,86329.34217972534
902104020,134241.62299858066
902106040,158805.91231305714
902110120,181172.3995223071
902128100,137979.13866414412
902325050,178795.36998602597
902325160,85827.40564624999
902329070,102490.87867398905
902329090,182211.38505890008
902456015,87128.56909390318
903200050,64495.227488831064
903231190,114691.5016423862
903232170,37370.74922014066
903235020,56412.02063545352
903236200,102438.90334385933
903400030,57462.14923439051
903455090,118153.67608327675
904100090,215594.478472633
905100030,153065.88673560927
905200380,76306.68914808358
905201090,163578.64742143132
905351045,178044.3745534693
905426100,158297.58485829938
905451050,159504.90360849307
905452150,142134.01654326112
906204180,262566.8488436276
906223180,218627.95092694595
906225180,260940.7787369548
906380150,200127.82865540872
906392120,263568.2760894176
906394010,225301.50319038215
907125020,169269.60725877137
907175030,231359.47076194623
907187010,222738.11906797905
907192010,214002.39165758138
907194130,211708.85008410813
907201160,155213.8264116045
907203010,108311.46945659386
907227090,118877.05211333372
907230240,134452.5542814356
907290080,271376.1244418755
907290260,258765.27442636827
907410100,204740.6712468697
907410110,249102.63322731777
908102320,173704.94999970918
908103320,96437.86499495662
908127050,138130.11946430418
908186090,148250.4305605656
908188120,173845.91977350667
908188130,174055.17350312727
908227040,39792.28373140909
908228040,114075.94865890912
909101050,104244.94524653313
909101190,178641.20948115588
909201180,134109.24567015542
909250200,133442.57895402
909254070,174828.77704175748
909275250,102830.06405748194
909281010,236603.0473461454
909425120,217513.6888143318
910203230,54358.5094986074
910207110,97221.80326039644
910226060,135510.6961180481
913350030,224001.98641824655
914452060,195085.50961071692
914474020,230631.64747553843
914476050,141349.00574663182
914476500,227172.6333726951
916402125,154379.21146288773
916403020,171806.66024714216
916475100,301824.37166745425
916477010,309299.07125176204
923125030,84388.37580782094
923203090,169893.40807284333
923205120,139828.66817418433
923225240,140343.27340100985
923227100,159061.89344091158
923228310,90235.2116310978
923229110,203538.60144231207
923250060,137871.13513286592
924100070,193134.51853459602
