PID,SalePrice
527127150,202016.32226994052
527162130,172986.68705569734
527163010,161671.02089819533
527182190,226210.92733787512
527216070,412831.4805822582
527358140,238382.66169412862
527402200,136720.73845501847
527402250,142767.29041723753
527425090,81691.52187959442
528181050,217596.6193305207
528218150,189873.51232290524
528240070,226197.74062430754
528250100,138179.5045329796
528358010,248709.7821857622
528382030,222066.48680926405
528445060,255636.82409440968
531367050,229283.49005885146
531369060,200170.71486041768
532351140,137997.9422116737
532354090,147241.76017007855
532376160,129178.1147193167
532479070,179970.36493420074
533212060,156845.86624061418
533221090,182361.9166571212
533238045,262053.06770820252
533244030,217933.52115998926
533352170,180139.20323370007
534152050,208055.70864505175
534152070,195962.01041576185
534202160,137278.65193333896
534251320,168918.4761310459
534276360,102886.38063466722
534425310,130031.74937358966
534427010,171369.17304566244
534431050,263112.39151518256
534431070,147642.0865118944
534479320,145296.0426266313
535106190,187699.93339800698
535152250,134874.46166378213
535302080,112407.78430161094
535350030,137148.61091737344
535350040,113242.8843729541
535454070,106766.31338233111
535457090,133566.4707388408
902102100,135329.50984662806
902104060,62192.31275685142
902110090,165927.81940939225
902125080,154260.42686226586
902206040,123617.92616324805
902207140,88382.6185231028
902402010,164809.21188351364
902402250,163523.32484086815
903206120,211686.56866864147
903226160,87229.16977730561
903425110,121945.84602251166
903430080,110324.59293288912
903450110,155790.90096207077
903454060,57541.95152050638
903476030,173427.48351192367
904100140,201858.18642220742
904302260,138520.57913673384
904352190,138206.1554854391
905105200,126737.68853526768
905106140,124916.73959019047
905109130,271379.2214021806
905109170,243448.874529255
905325030,240199.0109216416
905352140,213098.08487663258
905451320,141080.45947455845
905475510,104980.43296601919
906201120,221496.23314252548
906223090,227986.12810492158
906380190,199210.4357852231
906385020,199763.20832410798
906402200,307200.93048677954
907200280,169656.31615009706
907203070,116589.47742006043
907250030,301146.9332269949
907290040,216366.7483619222
907290170,158419.50639187417
907414030,224603.29783983063
908102060,18089.236127991084
908102110,100672.92182886715
908103350,141734.08886309716
908226130,64031.86228031335
909100080,137609.9190598253
909101070,21096.78678208546
909250060,200419.12528422498
909428280,283007.62417315366
909452114,169985.3432730737
909455030,187011.2502225755
911204090,153122.0623133654
911370510,266475.1140949877
914478110,220241.9638254695
916386020,183199.8228166054
916386060,135577.73535659525
916386090,258605.56604659525
923205015,188856.272346944
923230190,106901.1234690635
527105070,171486.78849661443
527105130,270868.23678223067
527131030,257401.26378420237
527146010,233307.25732389942
527180100,176728.14657492685
527276160,202629.16982588725
527301320,257065.28233264954
527352150,206685.58490749312
527375180,135687.52552442576
527376100,156456.8556084776
527378140,200323.0412698239
527405180,108080.37135150775
527425110,118799.38862498286
527450280,87243.19120884169
527453060,153247.69008838543
527453140,132000.47317820077
527455050,150092.55497198887
527455080,170892.07358405474
527455090,97386.01136840566
527455280,178875.04608582423
528102040,336904.26602207223
528102140,398461.5588135798
528108040,332095.5785285034
528112040,337720.726799725
528116010,302863.9446326338
528118060,328543.8528813464
528120030,344386.9204300433
528138010,345378.2344424251
528142040,299637.6305012395
528142090,306547.33431185636
528142130,307497.3163036418
528168030,268920.2681420848
528174050,225441.50009540797
528174060,222999.05537526406
528218090,175336.5341848423
528220040,196847.3412655044
528228295,232624.34412214224
528235010,183288.59885695938
528240060,169437.7380152186
528250020,186913.26499533083
528250040,165467.8222624544
528275070,243881.49255844636
528280230,234030.89420648201
528290030,158188.61215877312
528290120,189669.9834336125
528290180,156831.6893957164
528292030,267577.70377016434
528292070,231026.25981514182
528294050,133999.29565499807
528344040,309872.60211674235
528365070,304167.02206811024
528431020,266135.79929069127
528435050,282309.0852643857
528439060,246028.6412886244
528441020,250926.39582636397
528441090,422387.05231525586
528456180,199553.7789204592
528456220,194951.1536817897
528458060,208580.1588942061
528458180,232398.5273269707
528477070,238879.41374340892
528480040,263986.82933515456
528480130,195821.7800909954
528482040,255530.43557898165
528490070,196364.67919956372
531363050,139989.52921073523
531375040,182826.5077705966
531375130,148443.80288749648
531376090,225055.21158021694
531379050,231792.51817543508
531385020,212321.89364763227
532353020,102990.16295255774
532354230,88950.29614450723
532377130,123026.23903542991
532478020,282580.61169204186
533213020,219549.19776732876
533213040,158799.84856147895
533236050,209917.99430762892
533252040,322582.1844726387
534127130,181527.89733885732
534127170,184627.28867522988
534128020,203351.98116672755
534129080,236709.3130397782
534152120,176099.72401335923
534175080,223911.25878444998
534177230,199980.6332443068
534200030,94653.90014236362
534226120,105453.15415690519
534251030,184321.140697631
534252240,151977.97441331408
534275060,114243.94932993932
534275100,98455.60376467161
534276040,82732.1606135986
534400290,171271.33774446385
534451110,104596.28079799392
534475185,172035.20102631487
534476320,111523.54154350712
535126010,216393.53137491856
535154130,139203.29166745406
535175030,161512.52107700618
535175050,135143.41223310807
535178040,120542.19072903399
535179160,133683.5345680257
535301170,169657.3692178128
535303150,107090.2202075205
535325290,114172.4529788527
535354070,121028.64525844314
535375050,115456.25104881336
535381040,155585.81456882233
535383060,95942.66266833448
535403190,163970.06033239773
535450160,49773.470224085264
535453200,129138.32872055765
535475010,163214.95538404462
535476110,150013.71983866114
902105060,129071.07996678371
902106010,141931.2126535065
902109130,171976.24663850197
902134120,112865.85607537559
902135020,151464.67100990005
902201110,110041.35500586698
902300090,88605.46167172668
902301060,143786.58869657211
902327070,165570.14078277905
902329080,122590.70537709052
902330040,191845.06285490602
902401130,137668.1549866186
902402150,64619.873080835445
902405100,160539.72140963393
902406070,147132.56689195667
902477120,42141.540460687946
903201020,139683.10021628562
903202170,135937.42023613476
903226130,101149.53953763348
903230100,109072.88876315863
903231010,137395.55601192522
903236040,130500.05909389026
903400220,175235.53480864255
903427120,140878.4447750276
903475100,118552.74832298061
903476090,104219.45741514584
904100190,107708.27421169655
904301070,111853.62333335687
904301375,68434.26670440144
904351200,87419.25496744031
905200260,118120.75051527581
905200350,148387.70120757737
905325020,211869.0555751259
905451300,106278.86572763477
905452040,152253.89026053326
905475160,138449.22627942747
905478030,138102.98714572395
905480030,90705.89715855924
906201050,181766.92466287693
906223210,229739.66648889988
906226060,170576.23832140127
906226080,184899.5050700847
906226090,165133.47596366252
906226140,111560.44453413252
906340100,355555.26351717394
906378110,254474.0212487877
906380060,298032.5713493858
906380100,270241.5029212648
906380220,214605.43164521578
906392130,192289.26239552425
907126050,131518.48583233295
907131090,214412.5139088349
907131190,188604.33605337844
907135040,156059.1017332334
907135170,125469.34641996598
907185050,183626.85987069854
907192030,202745.18107342836
907194110,208195.50879649143
907196060,227581.8037808831
907202130,169980.4252797117
907227080,115915.7846773469
907227110,129876.37999539981
907252060,267063.97519533196
907252220,244842.90974091616
907265010,215402.49238531356
907275090,224988.55770896192
907285020,215897.83394040677
907285050,201128.50320385987
907290070,182259.97732812277
907412020,201162.97634890515
907414080,177390.52114381446
908102050,79619.01077687985
908152100,150596.45127818373
908154040,330144.96169820486
908225370,59793.30409805797
908229020,102046.91313438507
908275040,160721.1518250924
908275110,141537.68457841387
909101010,117262.52259020494
909101140,126350.03720179567
909129090,103316.98003445972
909179020,214327.0361646419
909251170,141144.54258788755
909253180,126970.96951480593
909279010,203663.98719926787
909282130,131739.50562544397
909427200,150208.47746065664
909451040,109807.07123564469
909451140,138933.8634844237
909451180,138933.8634844237
909452050,183119.45911498455
910204050,152009.204203388
911104060,41769.78116962421
914475010,124114.739416723
914475030,190052.67915645114
914476020,127045.69747992088
916386140,227195.6614290517
916403010,186632.8850494482
916403250,189756.70644272797
916460110,219946.21149966557
916475040,359272.66827621014
923203110,169377.68209401693
923225360,99733.7229506726
923225490,95423.5444476212
923227080,154905.83308250664
923275040,168144.22265815997
923276260,157522.515650384
923400025,152908.5356332731
526351030,257706.60922460543
526353050,240764.2872524371
526354070,216243.33497133473
527106150,182117.04775616262
527127140,280107.0787360649
527140090,197351.1288365353
527145090,188289.5603509698
527165010,166266.8384446331
527183060,203446.31400590253
527214030,353871.9463468761
527226020,143549.19665230735
527252080,326782.4871314466
527302050,185921.8265104614
527357110,116656.5557385879
527380240,291031.91278358235
527402060,155008.3627834251
527450110,86189.6099329773
527450520,98615.49202145096
527451060,87590.77113039115
527451290,83093.43558846915
527451400,72720.41518290983
527451550,102710.35189519555
527452150,135523.11208044717
527455270,98382.6474732497
528104080,398872.6049839696
528110110,391707.74847816635
528118030,369014.67032738094
528142020,306779.607174993
528166120,352632.36380839563
528178090,356935.2027201151
528186080,341226.6356077603
528228345,230323.09455114914
528228445,216249.34266803044
528235120,153501.06127084285
528240050,206607.79893512922
528280130,191141.32087325628
528326030,279245.62087757746
528363020,316606.3119666778
528363110,322626.9252110025
528387050,255532.7109384431
528431080,215195.47794361573
528431120,264336.4233995621
528458050,216291.6577986462
528462040,219561.46655673755
528478030,268535.09943146596
528478040,254623.65877202584
528490080,206014.00807160418
531363060,132284.5689926016
531373060,213860.1561530052
531375120,159849.18158836628
531376010,192085.141194165
531382110,191290.97661712568
531382120,214875.38503642645
531450030,193086.31347276823
531450170,191967.35839726758
531452140,176981.86862657563
532351050,101799.55841074091
532353050,101436.4768536809
532376170,84150.73137224495
533206050,207830.59389271602
533208080,164035.0404317167
533212050,152622.96585791302
533212140,173670.78271449768
533212150,173670.78271449768
533215020,249956.3722386018
533215070,240471.39119187297
533215080,277213.7461038012
533217050,157453.6584493618
533234020,182378.33409149502
533350090,295115.2823507367
534126090,198889.57061517448
534127230,202303.13393639683
534128050,177842.86056790355
534129060,207566.75721779143
534175140,178190.8676490807
534202130,141660.17321644758
534225110,184293.46585383793
534225120,184660.13311607068
534250010,188043.19965088836
534403100,160485.4833341918
534428020,116638.00018874399
534428100,133085.9933763304
534453140,68150.54116304252
534477090,150930.80128150398
535105030,132966.35933845286
535126140,231634.4825390701
535150210,123259.80805479367
535151160,147437.0574980849
535179060,171705.96430520277
535302140,97066.91460243505
535305160,68432.88345085949
535327230,89828.65217468028
535375160,105525.0466572364
535402120,176811.0105180931
535451010,129449.84289573232
535451050,136177.09173618132
535451230,52487.07743515572
535453210,145936.62982312829
535455080,97504.71527285919
535455090,105092.68755677056
535456100,95340.38087803403
535475020,169028.81386433242
535476370,160205.8422736341
535477090,112060.99148832935
902100030,97027.81710164095
902103150,138487.8281769407
902105010,88469.5366115049
902105020,277568.5143331224
902105130,64741.18389687894
902107030,146158.07440836338
902306120,173675.33605582107
902306130,133775.91309512962
902406020,107472.2776456117
902427150,119059.86831493219
903201030,146767.64049841417
903204095,78856.52987671718
903206070,143090.34376337723
903225160,110764.44909039086
903226060,168913.20322210132
903226150,98782.50811341568
903228040,141093.36780647078
903230110,115650.19896295336
903232030,34758.50790231896
903234090,155768.8250900811
903400180,178936.61893823053
903401020,132965.7245939471
903453050,128240.66685107804
903454100,144653.66539422964
903455030,82680.12513302083
903455140,116696.0292717446
903456130,106334.21417265358
903484020,121607.36679999084
904100160,102969.81813249219
905104080,118093.92577301757
905202230,203978.59644033204
905300020,164595.57326826281
905401045,191096.0695227412
905426030,186990.48263198877
905452120,155221.92016783528
905477050,138590.79739209084
905479110,110687.64546974214
906223140,231420.6037493109
906380030,271387.1969815716
906412010,373078.88855802227
906420130,242226.25332898842
906424010,244153.864865231
907135260,146057.4035713008
907192130,236066.6987349017
907196050,221428.20961667324
907201060,164212.6465368642
907227300,109614.63019180912
907251090,260217.6555993234
907255020,273613.5659316495
907255060,295498.7869507551
907285080,209896.02875971477
907290150,161813.39536956075
907295020,202321.52956787485
907405020,229337.02678783966
907418010,249838.2460234539
908103280,144439.5872037366
908128050,154202.92482490637
908151040,156422.35595790212
908186040,158663.18584110215
908201120,120438.4910527764
908225170,72305.95124329916
908250040,63000.559037984174
909101180,94847.371941689
909131170,126089.55141182277
909250230,174240.89114507983
909275050,147102.63085465375
909276170,156574.15532149802
909281110,177874.09814699148
909425085,205088.57960209882
909428190,259383.13789901376
909451150,153750.25591433962
910200080,101335.64865733914
911102090,80213.00091426425
911102170,66657.22793974956
911370490,318135.7416135363
914476010,151707.71115590463
914476450,209072.57992882104
916125425,209308.66747773025
916380060,256675.73394057638
916403230,233790.62136291902
916460060,246403.19256402244
916477020,298020.0501906072
921126030,270544.56482444756
923202005,182269.98558359363
923203140,165484.69687317198
923225080,141875.286531971
923225370,115945.37644439015
923252100,100963.45176054443
923277040,129377.96013756
923426010,114636.80532773031
924100020,166901.32545072288
526352080,200180.91207732898
526352090,150380.79766134935
527110120,181977.3534099439
527158090,165740.7443959127
527162090,161713.98752354662
527163080,156418.06656845668
527165100,144010.06661453005
527175130,159907.8061727286
527182170,226959.23800598338
527184020,177935.46105605777
527210060,309647.7891970207
527226040,186413.0557758665
527252050,268230.6710352608
527252070,242445.73707219306
527301080,220676.1364225982
527302090,226282.56273770332
527325110,206339.26766669654
527328020,156988.06462319318
527359010,209945.2925128772
527359080,212245.63156297395
527402240,172092.041377517
527404100,99854.82661238128
527425140,109881.54035183249
527450220,108110.77328991976
527451170,116558.53279486607
527455030,137057.1433528571
527455250,122360.99196556551
528102120,291400.5436199183
528104010,345288.5072830034
528106040,402693.3983938599
528108160,286262.5724777299
528110070,317026.8046129907
528110100,413499.6423680529
528112150,266559.78213400044
528118040,382042.61477811687
528120150,322658.5201087511
528144050,321529.66941111395
528150040,357517.42057720205
528168040,285710.62531770964
528172050,253121.4556097759
528172075,246457.08158039796
528174010,228061.6459154907
528181080,214302.9097676825
528186050,310350.0471788188
528186090,304927.2609635575
528186120,346335.29285768676
528188160,221658.0430045925
528218020,194410.10828674302
528222060,194107.11146975643
528222090,196105.89389275236
528231010,250033.20763403468
528235000,170124.99544253352
528235160,236141.49105694654
528235170,245167.46718647386
528290170,178918.4093151392
528320050,485760.0000214849
528327060,448981.31516202504
528354110,297184.1095056496
528429090,348590.74172947585
528431030,240917.28170092517
528431040,392926.6668715696
528431110,314083.4729345773
528435070,266601.6792285466
528445020,228968.03722395294
528456190,203058.68631085375
528456230,201277.60537627805
528458080,221149.4638227802
528458130,298920.02235532366
528477020,259643.7506101855
528482010,277343.50871577335
528482090,291423.79643964034
531375140,183432.7223159888
531451150,116699.8985732627
532378240,110021.86965417715
532479050,154463.95534819266
533120030,350851.6686796607
533130170,332872.02241656114
533208040,214506.95707447862
533208070,161296.71618560492
533213130,164760.1305104458
533236040,184961.49803482075
533242090,259641.43488379207
533250190,241519.99862509023
533251110,317347.7311538013
533251130,212859.94746881627
533254130,186349.2997743902
534104090,233765.80125356573
534125120,135951.86488706095
534178010,110779.16779784705
534201040,124606.61397873325
534202030,130228.60003292402
534252110,128243.30033003348
534275170,135151.4985337012
534276180,103858.79886941015
534278170,148568.58279182555
534278190,105108.50815018128
534403290,208765.01552468436
534403420,147245.1346889368
534425080,190967.90022905223
534429030,84654.82593643953
534431020,114705.78566953375
534450090,16578.89041902061
534453080,108864.12891991487
534475170,195558.2632297381
534478140,149300.2613939376
534479120,121489.12159155004
535101150,180057.94701057835
535105110,169243.7122464823
535106180,130469.67143969843
535151100,116717.1728291268
535151110,141731.76692595033
535152060,119105.62141720238
535177110,198532.00185428426
535181030,182006.78629580617
535181140,165725.75360685211
535302070,105127.03917672367
535327200,128291.20723650577
535353160,152083.22385335647
535354050,120898.71570289569
535375130,87621.34563672979
535378080,130894.80246397249
535379110,148627.40318006428
535382150,77019.09546411096
535450220,108248.71415557047
535451040,105230.15219988003
535451110,131993.1498327828
535452060,141240.81776843572
535453080,126452.9938103407
535476360,201411.90882355865
535477130,147235.36878897046
535478040,110789.42979842995
902105110,107375.75905255639
902106070,124807.95250477898
902110010,105517.07729574885
902202070,168483.5087002356
902301030,135143.53363349393
902305010,123526.39646884974
902408080,230551.27360927546
902427040,92745.38309140249
902427180,111716.52101870028
903225040,105970.69109904874
903231180,120038.39573210133
903232100,151335.82427198903
903426010,133826.07998110287
903453080,210450.0736008868
903454010,108863.37644022428
903454090,133127.95042905846
903458060,137167.6221156341
903476100,72837.02834182885
904101070,211612.77720957837
904301110,93637.61766466698
904302010,109661.5315155012
905100080,193730.49130609544
905102010,176429.19357525796
905103110,116689.25488199893
905105040,106149.9669072508
905107140,141877.6860767919
905201080,158661.23589694838
905226080,141524.68288598827
905226170,156775.03994545032
905301050,243399.45891375135
905376090,132748.9176266559
905478140,159777.39485699526
905478220,161931.24455137
905480090,123696.95989431784
906201022,206229.05965353022
906201023,254204.9610449972
906201200,294548.93084012927
906380040,280873.2847583608
906380120,202834.34982758245
906380160,213795.49351105664
906394050,207160.13041439196
907125040,152994.01148653717
907125120,129847.11653165807
907135180,118489.16159689061
907180040,180109.05582296386
907187040,230614.95093981578
907192120,226499.86061640125
907192150,194218.13762638823
907202220,109460.84862624858
907203060,101839.94986556486
907260040,225426.06306263298
907275080,241698.3550114295
907290140,163064.57974201647
907295040,220619.49408160953
907410020,181441.6021553194
907414060,222150.2433314288
907420060,192928.92613418307
908102100,148932.72531782932
908127070,135967.60700316075
908152070,142403.77923852438
908152280,161300.0853817616
908154205,604013.6164677914
908225240,88307.19258781982
908225310,100867.33945557848
908226180,66884.78456840634
908250100,92076.70921546927
908275090,124989.85874084377
909252010,175158.80801265192
909252170,126877.38797454078
909275110,147086.60523966426
909276210,138831.37687559504
909281020,95285.98066995663
909428180,180611.70597294412
909455060,148340.04754454654
910201020,94354.99860599256
910201180,171398.75950381256
910205130,127544.07146889955
910206010,-3345.950642745156
911128010,137132.31766207312
911370460,262478.9946113328
914452090,176990.7441123739
914452190,129230.181629859
916384070,263033.64154192846
916384150,268102.891290213
916403040,171002.1428159098
916455010,217388.83189370058
916455150,326325.50552759133
916460020,235618.7419224234
917425190,208353.25889172283
921205070,287724.79783981014
923202134,138692.7298552193
923202220,168094.47988295363
923204140,179423.755528869
923225050,154667.6819587137
923228220,89888.690698651
923229010,156379.9400184345
923230180,129796.90323183671
923251160,151526.8770727505
526302040,116820.3064552142
527108020,265361.63784960395
527166030,176117.97862649936
527182020,150238.07419901987
527190220,255890.2807456607
527210040,454926.01436027174
527210050,299354.20413580036
527216050,387815.2242628869
527252090,280076.5902444122
527254070,283647.4556268438
527327080,164014.00534332945
527356020,259195.8613009525
527375160,160145.35050865763
527376110,164725.59605863388
527402210,119990.45079031872
527403120,71939.8539162105
527427210,212486.56993682747
527450080,129940.0633567368
527452290,167382.58180222858
527453070,123842.4412259297
527455100,150707.96402662428
528106010,283435.7681239777
528106120,276475.95969714026
528116030,309669.38494307286
528118010,309287.77335132513
528120140,347672.3968093335
528142070,326305.5608577244
528144030,270398.8144657956
528150080,360695.7069078969
528172020,261628.51307177235
528181030,227633.12883435484
528181040,227633.12883435484
528186110,317898.9247164416
528218060,186207.64790096428
528218080,177778.22522899281
528218140,243570.98603405495
528221010,205840.32635084452
528222020,177778.22522899281
528228360,234590.71147280463
528228565,234406.21946143816
528231050,215390.4035721813
528240080,254349.66638199257
528275060,180471.12499292157
528275080,194617.32837826974
528280100,214000.47607023845
528290140,181722.82890984186
528294070,251326.17507311265
528315070,277784.01028716523
528320060,398333.15083713154
528358030,338148.49565685506
528365090,294415.52912565414
531375070,186328.0246283287
531375100,168680.31283630282
531450040,178461.00868516113
531452100,178651.08560797301
532353180,174590.2837511093
532376180,114222.42037476617
532476050,290700.2321023532
533110130,270307.11615380296
533128030,255747.88048797898
533128090,251259.55867518374
533212100,128247.0398092644
533212110,153511.96078648898
533223080,168099.06048447662
533241010,189841.2364617583
533242030,232249.84914262875
533252020,196452.67767031133
533253090,200328.04708306942
533253160,197243.02107320682
533350050,319354.82871693483
534127190,254356.25519335072
534129230,161023.59839170228
534176250,137921.2520736813
534201280,123965.28974768831
534202180,159246.533410765
534250300,186889.9275050015
534276230,190212.74183913026
534403280,168785.75588341846
534403440,145845.07291693438
534453150,149537.66523770848
534479240,141873.61560383608
535125060,209554.4382845178
535150240,90709.76658594637
535150300,300361.70273234055
535151130,152152.1424461244
535178100,162291.65972863103
535179050,116163.868734346
535301150,132704.67345726324
535304020,114991.92027599442
535305120,163284.49133460943
535325460,228633.83377861162
535353180,244229.20328122168
535354130,132513.2869939584
535355100,97447.52022910358
535380130,170672.50913308805
535381060,109028.37006519738
535402100,148684.98517979725
535403150,142333.03872986388
535404080,95695.59160314439
535425040,181822.6103226696
535451190,97600.51302778926
535454030,47520.67973817667
535478010,110191.56982816353
902100130,84787.43566099995
902104020,138438.85701979345
902106040,165072.4617870884
902110120,176839.4384225015
902128100,131375.6579633333
902325050,174200.4107109241
902325160,89937.08742671144
902329070,105545.83284258751
902329090,177989.82684964096
902456015,91610.71347428655
903200050,65593.07292226734
903231190,111492.93048040358
903232170,40282.964090250694
903235020,58159.632656683694
903236200,103701.83012546407
903400030,60875.69527529448
903455090,125286.88072612145
904100090,209691.10502190574
905100030,163572.6472463664
905200380,89264.50840010525
905201090,163684.44566423295
905351045,171708.20309667866
905426100,158757.35622787083
905451050,169336.42352406445
905452150,139420.82810592942
906204180,259429.54071624947
906223180,215253.55617955263
906225180,251503.64615573187
906380150,200210.36720718225
906392120,263331.5333251526
906394010,223565.42487524427
907125020,169565.55175331762
907175030,234561.68964032916
907187010,220077.16525994366
907192010,211177.8906121666
907194130,210508.10354296994
907201160,163388.38477447125
907203010,106989.58255650186
907227090,116279.51191862785
907230240,135427.35109564805
907290080,268101.8513695826
907290260,256833.48956334573
907410100,204996.97793625336
907410110,249861.728465767
908102320,171831.37130176442
908103320,103301.34641066976
908127050,137801.7742646516
908186090,161354.3356567549
908188120,181276.25336310503
908188130,181547.51505524968
908227040,49132.19463876865
908228040,114021.27136815355
909101050,103471.26856298473
909101190,157645.68664117414
909201180,131807.5015848335
909250200,131930.40667364217
909254070,168741.27400587933
909275250,107848.7548474267
909281010,225292.25888330574
909425120,222609.9846205026
910203230,56179.44866247894
910207110,94743.14161427938
910226060,140621.15340723522
913350030,219495.9658368937
914452060,190850.93126677244
914474020,226870.69620519754
914476050,153468.39367522392
914476500,234566.8860634535
916402125,163781.4416632317
916403020,179544.63268594042
916475100,307044.0739604611
916477010,306695.792001904
923125030,85181.56743396743
923203090,168687.00719206725
923205120,141704.41927706433
923225240,138825.24850823064
923227100,160355.23635119002
923228310,90299.78607357146
923229110,200676.84999206214
923250060,137942.7516065892
924100070,189193.85492190873
