PID,SalePrice
527127150,203493.18800892966
527162130,208849.5309182775
527163010,174379.47149933147
527182190,226959.17117751137
527216070,384809.5106143265
527358140,254392.69504116458
527402200,135460.4089026248
527402250,161284.90648919987
527425090,77737.49285876648
528181050,212494.97577344984
528218150,195235.53179020606
528240070,227930.75381909497
528250100,145880.79422959796
528358010,254292.19477856834
528382030,231854.43309349578
528445060,268626.67039324116
531367050,238992.03549588274
531369060,191706.31243492133
532351140,153507.3763720158
532354090,164409.7736220361
532376160,123696.12400022877
532479070,195018.0624218358
533212060,156796.58220267514
533221090,184407.1980430366
533238045,266039.5328303815
533244030,220227.10511297343
533352170,167898.28302280564
534152050,229938.64254901616
534152070,202197.829107326
534202160,159029.5539109653
534251320,181977.3197920715
534276360,102869.46599657946
534425310,125960.66575926065
534427010,191250.84561911973
534431050,269056.73917896615
534431070,137728.4648832912
534479320,133486.83807740448
535106190,205892.54249691573
535152250,146719.50662488388
535302080,100610.51599834932
535350030,155864.74550686963
535350040,120906.45247620885
535454070,136125.31143358717
535457090,141300.48644487595
902102100,132442.7128618538
902104060,79435.81126527126
902110090,165522.8133436555
902125080,95716.74457870596
902206040,152776.12724297025
902207140,96825.08726930025
902402010,175564.59255425708
902402250,159430.238843549
903206120,206324.27259309404
903226160,76548.73344853394
903425110,120185.04328520963
903430080,106631.1920419833
903450110,97420.85238148317
903454060,4202.069679152715
903476030,148589.33198215906
904100140,188290.77614890793
904302260,110208.77276289846
904352190,117610.82749830902
905105200,136551.36619130376
905106140,121734.51952296475
905109130,265993.7543845403
905109170,232541.37597639076
905325030,227454.4698552993
905352140,222465.25911372883
905451320,131400.58280565857
905475510,150401.88716322373
906201120,221126.13033279937
906223090,226846.1989281418
906380190,194916.30036386664
906385020,211273.82515586648
906402200,344118.8205820235
907200280,142954.8249692116
907203070,114658.10025810194
907250030,316943.4868075651
907290040,256105.7375840125
907290170,147588.56472862425
907414030,228161.45161518754
908102060,39006.58239623779
908102110,68222.01735524586
908103350,134940.13283910416
908226130,61866.472086178124
909100080,140476.22006017668
909101070,53604.84416391782
909250060,206246.02065035864
909428280,259653.32756090717
909452114,186480.22013851273
909455030,165654.23554511386
911204090,97891.26133687435
911370510,252821.72080312646
914478110,256139.3625853975
916386020,190260.15453435
916386060,149561.60815479793
916386090,250742.54723062448
923205015,198072.32179962198
923230190,119921.4367046605
527105070,187142.87721890205
527105130,267815.7628933559
527131030,241171.50250255436
527146010,246129.23682719562
527180100,204148.87345421268
527276160,208388.39606413327
527301320,230826.69573499402
527352150,209644.11405766415
527375180,142033.0451961711
527376100,156720.00245698122
527378140,211213.15332674613
527405180,111130.62678144469
527425110,136303.07213360825
527450280,100469.38311274377
527453060,145961.98697320223
527453140,134457.81895708595
527455050,152565.0531223494
527455080,150870.30182443676
527455090,105422.88597978088
527455280,164041.70459027158
528102040,266688.50716242474
528102140,360242.926404514
528108040,340044.9210204692
528112040,292124.8153538194
528116010,294869.1186401723
528118060,319574.75697859505
528120030,293419.48075452517
528138010,300956.2662626481
528142040,296516.9797936703
528142090,305032.97541851783
528142130,343340.89005576895
528168030,269988.8546899888
528174050,208821.8988098968
528174060,205936.0708090371
528218090,165730.72901635212
528220040,171034.47579790643
528228295,241026.75738852838
528235010,169979.0427152024
528240060,156421.92716486732
528250020,170387.99783624348
528250040,155382.45412098168
528275070,247257.58370723572
528280230,237487.6001932858
528290030,145816.48266454673
528290120,210903.389577092
528290180,170602.35226209418
528292030,279501.3738283175
528292070,233198.22839616958
528294050,146069.2824063222
528344040,328756.14157179755
528365070,309620.661831476
528431020,288042.6982115312
528435050,283291.0165366825
528439060,220215.9639878461
528441020,243994.0392722246
528441090,384563.7028046715
528456180,226940.20972958248
528456220,202329.49074620625
528458060,217751.31081972792
528458180,232515.10911985085
528477070,230687.04272983468
528480040,261439.5017892334
528480130,202356.8906298853
528482040,259722.8447121171
528490070,200632.3074328261
531363050,154907.30596190583
531375040,188061.13635924752
531375130,168893.81678935527
531376090,242716.37555907265
531379050,231545.09814845232
531385020,214565.02801458517
532353020,116529.5912329836
532354230,93731.44057189814
532377130,123562.66804707827
532478020,297338.2323667663
533213020,216456.53605006193
533213040,182823.81402980388
533236050,218672.8293731417
533252040,265217.90457147395
534127130,197440.12976690513
534127170,179403.70795356602
534128020,212508.84868619184
534129080,239286.77185998202
534152120,186725.05835109757
534175080,244375.98312165446
534177230,197181.73609471988
534200030,94590.56258635476
534226120,106148.3289489548
534251030,173982.62901970505
534252240,158545.14489595528
534275060,102607.2640237948
534275100,86176.02816786656
534276040,93804.64034086121
534400290,192757.65643517498
534451110,103688.16759998683
534475185,200947.21642229773
534476320,110704.25699552217
535126010,208474.83114202795
535154130,111147.73722013376
535175030,184136.46782766285
535175050,160375.5460495903
535178040,128122.32752116941
535179160,125407.7035370635
535301170,192037.76161521501
535303150,110823.3392816012
535325290,124140.79529931906
535354070,119105.09185479204
535375050,109629.5399325457
535381040,206701.06769476904
535383060,8538.50044718638
535403190,141915.39216238708
535450160,48190.23280174393
535453200,139137.74790203612
535475010,185010.36792127433
535476110,137595.64088744327
902105060,89992.44038456918
902106010,125214.11524521274
902109130,87035.94299865158
902134120,89126.64864547076
902135020,110838.28271342022
902201110,117965.71538045323
902300090,101159.94832924967
902301060,112141.5801678902
902327070,138748.57109310775
902329080,116632.41946291033
902330040,155624.571390717
902401130,132085.97909331226
902402150,120782.79603819255
902405100,189221.3273673001
902406070,160533.1100236965
902477120,31348.936524797755
903201020,121879.23071269422
903202170,112097.28596658853
903226130,90083.62917077176
903230100,136590.92977800613
903231010,156372.5339804356
903236040,163055.41260427257
903400220,186265.00995892854
903427120,144733.94061253985
903475100,117553.54755490209
903476090,147742.58219800354
904100190,72349.99363451131
904301070,115582.98750222319
904301375,54328.845751049186
904351200,80885.78986582621
905200260,129973.54850843907
905200350,151669.53695529728
905325020,207227.43843358572
905451300,114068.40537808191
905452040,130073.26322858845
905475160,110532.60675113843
905478030,170565.99509768013
905480030,85782.66659538477
906201050,161134.48097281405
906223210,231247.88983767794
906226060,153952.8567518517
906226080,185620.2396067079
906226090,184846.82170778917
906226140,118323.65453997134
906340100,301539.74944092607
906378110,249829.28292467626
906380060,286328.9970266796
906380100,280726.20032030594
906380220,219938.13638784864
906392130,164995.45655098243
907126050,146345.37505971166
907131090,190300.6858273439
907131190,217979.0778282428
907135040,175226.5019004678
907135170,155279.72879217827
907185050,202395.4733524835
907192030,209129.0772516929
907194110,216204.1307559964
907196060,228784.91538664565
907202130,167257.049255619
907227080,121123.60240032012
907227110,108059.57608109525
907252060,257782.98215984297
907252220,241481.81723924758
907265010,223518.50295377322
907275090,220262.34524874337
907285020,249787.6430045435
907285050,195298.3706280487
907290070,183951.53458755047
907412020,205801.78956498392
907414080,175139.48872763533
908102050,98966.089561023
908152100,144634.81812041468
908154040,281563.6802966862
908225370,63043.145211324794
908229020,54562.36830414143
908275040,172435.51356385922
908275110,164580.48032027186
909101010,130818.07488299432
909101140,155005.04160283745
909129090,110296.57139933671
909179020,265098.3083362576
909251170,137632.91225733756
909253180,100241.16464486255
909279010,190608.6105308382
909282130,116837.35195962498
909427200,145402.13271562278
909451040,115054.80330230643
909451140,134418.67601498688
909451180,134418.67601498688
909452050,202914.12776826168
910204050,180601.72612835243
911104060,21562.725965604302
914475010,116462.06097331105
914475030,168147.00047416252
914476020,137185.89205843335
916386140,233237.6462843613
916403010,196083.05225457356
916403250,221532.34447809396
916460110,224317.81319304512
916475040,304623.89128275844
923203110,182022.2454229301
923225360,85198.96377028163
923225490,95593.57903775945
923227080,179649.24741256257
923275040,161998.02997632403
923276260,144665.62921201653
923400025,173047.36063551356
526351030,201141.23953474444
526353050,234248.19778307498
526354070,201547.46142126183
527106150,191436.59715017508
527127140,263217.68042810215
527140090,194340.61088322822
527145090,187029.4108551471
527165010,185231.95483190342
527183060,190155.90458232243
527214030,302626.95286666584
527226020,184003.0597589181
527252080,268739.48424728645
527302050,193514.8170446889
527357110,133094.82830194017
527380240,293211.44380344974
527402060,136076.1779474977
527450110,98138.75938555763
527450520,102975.2151401986
527451060,89719.42182826757
527451290,94792.03405720241
527451400,100759.424410423
527451550,112893.01492089618
527452150,137260.9667019602
527455270,109329.48992819562
528104080,345238.0289139992
528110110,383395.06264991977
528118030,375064.5440523788
528142020,248119.67399998638
528166120,348904.96867301746
528178090,356491.50991722906
528186080,273947.5764133275
528228345,230660.20136495147
528228445,217148.8539874251
528235120,182169.66043088306
528240050,195721.32652272846
528280130,210690.57119435034
528326030,280650.20546499547
528363020,305830.43302095385
528363110,337684.9381424756
528387050,265918.11451593344
528431080,227866.1962865038
528431120,257448.90460402152
528458050,212700.218689188
528462040,235053.80155563256
528478030,254224.3453321631
528478040,252172.36551367876
528490080,207835.9183303302
531363060,145157.24915748555
531373060,208608.31498129273
531375120,185820.17386578827
531376010,193998.49621147104
531382110,187690.238659381
531382120,235703.27347453719
531450030,190440.65609596143
531450170,187681.71177574142
531452140,173529.58287008255
532351050,111375.23331874594
532353050,101524.29478386752
532376170,100234.44754381568
533206050,214420.3376420539
533208080,163394.55509823564
533212050,147995.5313384505
533212140,176018.9606467745
533212150,176018.9606467745
533215020,253396.07707351862
533215070,242006.96791608384
533215080,271396.6233665965
533217050,155503.67536395404
533234020,219958.251018506
533350090,312516.5553395152
534126090,204936.71515889402
534127230,229413.56172984885
534128050,180132.8655720203
534129060,201947.99023928895
534175140,192577.42395256617
534202130,153638.40787862093
534225110,208258.22077176688
534225120,208758.0863358158
534250010,219508.96368129292
534403100,177395.17974682702
534428020,116907.02998360398
534428100,142831.97407794883
534453140,40145.79054332423
534477090,135467.29716225615
535105030,139863.67631151428
535126140,221269.50807705484
535150210,113409.80137280707
535151160,158152.99933122922
535179060,181843.23320507858
535302140,104319.22528086607
535305160,67548.46503193007
535327230,127738.78702627338
535375160,83195.4790684559
535402120,175351.73498768423
535451010,86325.6663721838
535451050,100192.3311421305
535451230,61336.53478193145
535453210,143337.79368597938
535455080,98233.00396443941
535455090,111454.32908105539
535456100,80665.18775397788
535475020,183660.0578575578
535476370,166292.15816261002
535477090,122443.98064671134
902100030,101526.69416110242
902103150,151053.92754781223
902105010,117876.83083722956
902105020,256902.34342665994
902105130,47312.03078777008
902107030,130412.09213191728
902306120,116107.994862779
902306130,123772.40664025657
902406020,106687.18258380219
902427150,134497.27322054136
903201030,127350.16363471732
903204095,82977.0424474335
903206070,136013.3073605399
903225160,100595.12100936832
903226060,166052.27642459574
903226150,117210.20780132577
903228040,162111.58101109366
903230110,101256.26243127487
903232030,45451.30306904978
903234090,168825.03412864532
903400180,178793.19691224123
903401020,134598.61017778993
903453050,125506.07582862556
903454100,178034.3151055001
903455030,112559.74466874423
903455140,132551.2152260795
903456130,86828.33619165316
903484020,119274.24793210343
904100160,81820.80984243033
905104080,110749.27941282843
905202230,189556.44044583163
905300020,141016.9860332398
905401045,199187.5405383606
905426030,188014.20120803936
905452120,131375.8523104074
905477050,123085.50607605603
905479110,117345.35647730756
906223140,225080.60407424474
906380030,268330.76588399534
906412010,396675.7055499925
906420130,243401.05861764614
906424010,242105.36454479228
907135260,163721.26842431776
907192130,240694.01207143936
907196050,219190.79465205403
907201060,111796.43459483271
907227300,93288.81054547704
907251090,264161.9329392343
907255020,286164.577605056
907255060,287569.6531404141
907285080,208744.91031528107
907290150,152027.3032087913
907295020,217546.6876382667
907405020,228611.65496470727
907418010,261965.9423156129
908103280,172299.09353085363
908128050,142919.78228267794
908151040,152911.577977051
908186040,173719.92399373165
908201120,130965.58881246563
908225170,56017.49323003765
908250040,61990.002653044125
909101180,120506.9745433496
909131170,94602.28063547365
909250230,148138.21578660517
909275050,145882.9752062314
909276170,151914.18540186653
909281110,175422.19669703848
909425085,218697.13675304476
909428190,255270.17605991566
909451150,154155.0812088727
910200080,98362.99553402059
911102090,51089.54245160622
911102170,80707.57265234247
911370490,257868.20062211365
914476010,159580.36302306157
914476450,229920.42588225505
916125425,204764.7855131483
916380060,254048.07852563233
916403230,218657.33970657398
916460060,241017.5552236368
916477020,298920.340790078
921126030,268630.8947224017
923202005,219568.02672067305
923203140,177262.09501538894
923225080,140001.62770627983
923225370,88826.31386075598
923252100,106080.85180747526
923277040,147084.36950584833
923426010,126118.80857874898
924100020,190091.29444217557
526352080,208660.17821525302
526352090,177346.3274143795
527110120,185937.68124553896
527158090,172576.78237044168
527162090,187762.1272714293
527163080,178695.20126287712
527165100,147455.93548554488
527175130,152582.10780329537
527182170,238978.14202491276
527184020,167565.20959776037
527210060,304569.17310942657
527226040,204028.8414894276
527252050,253917.6011129854
527252070,220303.05559905694
527301080,195920.93059199947
527302090,239568.34739603614
527325110,196490.77742195892
527328020,138743.82195540954
527359010,186564.3139007973
527359080,200458.27624771162
527402240,175797.3341707567
527404100,112547.90108835141
527425140,113942.91319797534
527450220,121014.17994300561
527451170,154140.35067222168
527455030,128243.04061863219
527455250,128726.83055104251
528102120,285176.2314919214
528104010,341646.3059187501
528106040,340412.1459229063
528108160,283471.9127765795
528110070,320526.7872952005
528110100,386321.5003105642
528112150,274240.535761185
528118040,368979.3907526113
528120150,309375.25879147317
528144050,326177.3579207584
528150040,306231.33460983576
528168040,291992.4587348567
528172050,268220.50646678946
528172075,265373.3344596926
528174010,211226.44165684117
528181080,214929.14094252797
528186050,255788.90546094882
528186090,248741.5171496154
528186120,300903.0147685339
528188160,216591.87570769945
528218020,180986.43720236202
528222060,185443.41128195965
528222090,193168.1933086295
528231010,239687.8178001761
528235000,144623.29774315047
528235160,217362.2318992273
528235170,233104.29492310275
528290170,196041.62280482467
528320050,499557.5419819773
528327060,401700.7090927685
528354110,313922.94605237746
528429090,310989.3510420304
528431030,237686.3741122021
528431040,330538.60877084127
528431110,304780.09996808734
528435070,271093.07473653386
528445020,243256.3866442836
528456190,212881.6548089792
528456230,209136.79546247568
528458080,217714.65215984077
528458130,292308.51550539327
528477020,270048.48073592497
528482010,280345.1764967488
528482090,298603.7922388933
531375140,182916.2046690142
531451150,129630.9060026513
532378240,111760.36811167988
532479050,150773.6699604147
533120030,329860.5728778377
533130170,353440.97478047037
533208040,231787.3746510506
533208070,160100.162774026
533213130,180537.57577416996
533236040,189832.60538626183
533242090,243377.33407636397
533250190,233954.9159619859
533251110,318344.02300917695
533251130,203165.86002242216
533254130,159760.03263289528
534104090,235765.98528977454
534125120,144802.67667209246
534178010,122267.37152202456
534201040,138732.16308795067
534202030,136191.35588680702
534252110,154939.29307958568
534275170,126048.55907790964
534276180,114508.80662209276
534278170,146329.14901417794
534278190,93788.64668912461
534403290,220533.8301349054
534403420,154509.33958525397
534425080,201588.58594714507
534429030,80300.37117238018
534431020,124744.49105800412
534450090,-30823.043178058666
534453080,103817.66382005667
534475170,207986.75643751203
534478140,163221.66801491255
534479120,107793.9073067387
535101150,206331.82755280723
535105110,165653.3766165805
535106180,139703.74631891772
535151100,116242.6178860648
535151110,142131.60810035374
535152060,131065.46210453453
535177110,210744.51627879718
535181030,208004.60424985742
535181140,158249.02851966745
535302070,104687.95880994285
535327200,119829.57676095252
535353160,114379.84128998316
535354050,135407.26201356007
535375130,77007.70082022194
535378080,144139.52422716026
535379110,117813.08445045311
535382150,38666.00967387727
535450220,111903.62832250509
535451040,86693.89609620551
535451110,135858.49869355833
535452060,152762.57905597962
535453080,134745.02829640274
535476360,194272.60071318812
535477130,152039.144451348
535478040,95604.21712455581
902105110,96874.2527897302
902106070,125558.28090685836
902110010,97064.10689022024
902202070,161841.5212126653
902301030,129599.24397406589
902305010,138789.45332787023
902408080,253374.57673658142
902427040,97829.33370365233
902427180,104708.74922771352
903225040,106358.5613786504
903231180,97091.01145178493
903232100,140623.05887065124
903426010,139649.33687004744
903453080,202257.9787499507
903454010,110727.77998564587
903454090,123702.33182297532
903458060,147996.5938813045
903476100,45033.073568234075
904101070,266593.8947674066
904301110,80879.38370291163
904302010,115919.05322007871
905100080,206756.35708373538
905102010,149304.44970616835
905103110,126983.04351548674
905105040,115048.61330727526
905107140,152076.3812474695
905201080,173652.24814388945
905226080,126114.38679718412
905226170,159439.4711245212
905301050,270283.679816645
905376090,140127.27823692988
905478140,139628.66515937398
905478220,160240.12246211723
905480090,88270.02426469249
906201022,189517.43928440116
906201023,248714.06443496307
906201200,311447.15776731924
906380040,279808.0489395583
906380120,212655.94208786002
906380160,214358.18053369373
906394050,197713.28332715636
907125040,168745.25371219733
907125120,142124.1438594862
907135180,119927.89569845478
907180040,206412.01300344468
907187040,222662.93649845873
907192120,223964.5754311363
907192150,194269.32009181706
907202220,117495.45035265284
907203060,117346.81592043379
907260040,219963.7303114906
907275080,239592.54462110254
907290140,152838.691598484
907295040,219967.26932190594
907410020,181368.72460010872
907414060,218511.89827141401
907420060,178680.20923394588
908102100,153552.87847838068
908127070,159038.68192835012
908152070,154317.70328803558
908152280,180654.15213904358
908154205,588038.5237290736
908225240,87425.38524399909
908225310,86106.03378377415
908226180,59059.33119770732
908250100,100233.50027657647
908275090,117315.40247321938
909252010,140337.12126951787
909252170,100972.60484027778
909275110,147646.5432890646
909276210,156854.78983417375
909281020,111195.03706219331
909428180,215840.0030712886
909455060,162910.2396438659
910201020,69882.52439702579
910201180,177006.6575436089
910205130,134294.16142800183
910206010,24881.712652770686
911128010,150958.4785974111
911370460,263544.71191882394
914452090,158586.47887314943
914452190,159254.3818111592
916384070,281294.4212320327
916384150,270211.368520066
916403040,172056.07748810327
916455010,205236.66787066846
916455150,316931.5816827945
916460020,219502.87647938836
917425190,239031.23920198804
921205070,296834.3496838218
923202134,149055.6173090572
923202220,189907.58559161657
923204140,200373.4146242137
923225050,157630.53313179192
923228220,82680.04287669799
923229010,150015.90128283593
923230180,107016.68713524552
923251160,191249.1339561989
526302040,115438.24967717406
527108020,271805.82991995476
527166030,191147.89464304992
527182020,170090.86274796707
527190220,249658.99002512894
527210040,381048.1101348076
527210050,292390.6123582167
527216050,318283.1641467593
527252090,266116.42151156784
527254070,296714.46847866406
527327080,163413.13815215914
527356020,274869.467624914
527375160,183088.37366117956
527376110,167065.18690242092
527402210,128830.96434917265
527403120,80127.52647576996
527427210,222384.74561299323
527450080,148658.19994075497
527452290,153699.30838197898
527453070,126690.1778034631
527455100,152058.66656757792
528106010,316312.8620497446
528106120,273663.7608069802
528116030,303002.56081665936
528118010,291219.3512015184
528120140,293898.3521099477
528142070,312223.6258715264
528144030,272545.3384872378
528150080,310156.7375452171
528172020,248485.31831385609
528181030,225489.42248436605
528181040,225489.42248436605
528186110,273872.8896444868
528218060,166743.3182900036
528218080,174895.61596041638
528218140,226483.24633438583
528221010,199685.45232944837
528222020,174895.61596041638
528228360,229562.26137243526
528228565,222406.62590277742
528231050,197952.40491720132
528240080,264223.38882999035
528275060,197387.9985188284
528275080,211199.94025121446
528280100,205505.2975016523
528290140,198833.84612679982
528294070,255507.64211923268
528315070,260751.20356445282
528320060,401525.6619742602
528358030,329443.97481442324
528365090,309230.8077728944
531375070,188782.2138600808
531375100,197118.4921432033
531450040,174180.531045859
531452100,173679.49505793038
532353180,160601.93944272478
532376180,118711.79134545305
532476050,307200.80360104336
533110130,276635.8711631595
533128030,257167.25561966933
533128090,257038.89211462333
533212100,153167.8679347575
533212110,155062.97665913153
533223080,163390.90760217782
533241010,176117.82988189015
533242030,239356.37362921645
533252020,171666.8892161417
533253090,184391.93733853794
533253160,182299.58418808505
533350050,313468.12914521
534127190,269079.43059391656
534129230,189003.48608651749
534176250,161195.7245818982
534201280,126789.11658795096
534202180,146326.37906403185
534250300,195305.28820125363
534276230,234365.5793923509
534403280,165775.53518648882
534403440,140193.6878175671
534453150,127445.62638560176
534479240,149609.87399161875
535125060,213367.90881446018
535150240,111266.05343229606
535150300,312470.8838917222
535151130,148126.47090465756
535178100,147058.34084966558
535179050,115706.49881861039
535301150,138140.19299567028
535304020,133140.55410845188
535305120,144771.91415219777
535325460,230650.25916435974
535353180,315533.32339013397
535354130,131914.0450105755
535355100,81530.65644586962
535380130,161720.52823456618
535381060,122656.94703270611
535402100,138548.7462160635
535403150,125496.75201549412
535404080,79549.49192412649
535425040,213525.4641278459
535451190,76490.23787269069
535454030,46029.41502643883
535478010,104365.74089586466
902100130,84153.86290696345
902104020,143624.97215607684
902106040,165603.6852766138
902110120,153731.9941154265
902128100,93936.0535868753
902325050,157334.65708156323
902325160,93154.98699691243
902329070,111402.19088738349
902329090,150576.07949853138
902456015,71062.18390453383
903200050,50564.17249175973
903231190,105574.31362088199
903232170,28186.88405693212
903235020,28779.372955721978
903236200,88704.5991097696
903400030,59354.65518000594
903455090,135368.09727689385
904100090,241259.9914579462
905100030,182423.632249827
905200380,83084.53662215476
905201090,193792.07720259315
905351045,150631.6358302332
905426100,167979.35225733515
905451050,154809.66169133846
905452150,149038.63293036947
906204180,262655.3887824768
906223180,207424.55553247544
906225180,225296.68059190217
906380150,192497.38996701152
906392120,263919.9505266278
906394010,221393.91122576746
907125020,149957.84186926225
907175030,234398.8211207484
907187010,213621.0391994135
907192010,214089.5108300645
907194130,212283.6900350162
907201160,152990.5082255656
907203010,101239.74736214596
907227090,102241.639729311
907230240,149511.34071586435
907290080,270771.4110305868
907290260,242980.16987596845
907410100,197642.5072878749
907410110,255628.20348316082
908102320,188211.7745576328
908103320,98414.29010168422
908127050,145635.84441662583
908186090,175998.70855190867
908188120,217277.5506484206
908188130,216440.57316549288
908227040,82543.00166313683
908228040,97139.10901142571
909101050,83168.73677670871
909101190,171855.75499020534
909201180,116239.95784952896
909250200,107186.19879381495
909254070,128697.79553457396
909275250,119656.06122365422
909281010,186200.176334787
909425120,227077.2980384936
910203230,35020.12934986569
910207110,80995.44938870374
910226060,153092.43806212422
913350030,220378.913027384
914452060,215322.8747195506
914474020,221844.39584921268
914476050,161329.1260949319
914476500,284008.5643610856
916402125,174644.0474560998
916403020,200856.1176323441
916475100,298836.119509602
916477010,299744.9201625704
923125030,98098.940271
923203090,178103.37191996592
923205120,151796.7509909745
923225240,137980.05857069237
923227100,160509.14717574124
923228310,93886.27921287443
923229110,226210.23029469582
923250060,144051.46291336327
924100070,187621.21979634173
