PID
527127150
527162130
527163010
527182190
527216070
527358140
527402200
527402250
527425090
528181050
528218150
528240070
528250100
528358010
528382030
528445060
531367050
531369060
532351140
532354090
532376160
532479070
533212060
533221090
533238045
533244030
533352170
534152050
534152070
534202160
534251320
534276360
534425310
534427010
534431050
534431070
534479320
535106190
535152250
535302080
535350030
535350040
535454070
535457090
902102100
902104060
902110090
902125080
902206040
902207140
902402010
902402250
903206120
903226160
903425110
903430080
903450110
903454060
903476030
904100140
904302260
904352190
905105200
905106140
905109130
905109170
905325030
905352140
905451320
905475510
906201120
906223090
906380190
906385020
906402200
907200280
907203070
907250030
907290040
907290170
907414030
908102060
908102110
908103350
908226130
909100080
909101070
909250060
909428280
909452114
909455030
911204090
911370510
914478110
916386020
916386060
916386090
923205015
923230190
527105070
527105130
527131030
527146010
527180100
527276160
527301320
527352150
527375180
527376100
527378140
527405180
527425110
527450280
527453060
527453140
527455050
527455080
527455090
527455280
528102040
528102140
528108040
528112040
528116010
528118060
528120030
528138010
528142040
528142090
528142130
528168030
528174050
528174060
528218090
528220040
528228295
528235010
528240060
528250020
528250040
528275070
528280230
528290030
528290120
528290180
528292030
528292070
528294050
528344040
528365070
528431020
528435050
528439060
528441020
528441090
528456180
528456220
528458060
528458180
528477070
528480040
528480130
528482040
528490070
531363050
531375040
531375130
531376090
531379050
531385020
532353020
532354230
532377130
532478020
533213020
533213040
533236050
533252040
534127130
534127170
534128020
534129080
534152120
534175080
534177230
534200030
534226120
534251030
534252240
534275060
534275100
534276040
534400290
534451110
534475185
534476320
535126010
535154130
535175030
535175050
535178040
535179160
535301170
535303150
535325290
535354070
535375050
535381040
535383060
535403190
535450160
535453200
535475010
535476110
902105060
902106010
902109130
902134120
902135020
902201110
902300090
902301060
902327070
902329080
902330040
902401130
902402150
902405100
902406070
902477120
903201020
903202170
903226130
903230100
903231010
903236040
903400220
903427120
903475100
903476090
904100190
904301070
904301375
904351200
905200260
905200350
905325020
905451300
905452040
905475160
905478030
905480030
906201050
906223210
906226060
906226080
906226090
906226140
906340100
906378110
906380060
906380100
906380220
906392130
907126050
907131090
907131190
907135040
907135170
907185050
907192030
907194110
907196060
907202130
907227080
907227110
907252060
907252220
907265010
907275090
907285020
907285050
907290070
907412020
907414080
908102050
908152100
908154040
908225370
908229020
908275040
908275110
909101010
909101140
909129090
909179020
909251170
909253180
909279010
909282130
909427200
909451040
909451140
909451180
909452050
910204050
911104060
914475010
914475030
914476020
916386140
916403010
916403250
916460110
916475040
923203110
923225360
923225490
923227080
923275040
923276260
923400025
526351030
526353050
526354070
527106150
527127140
527140090
527145090
527165010
527183060
527214030
527226020
527252080
527302050
527357110
527380240
527402060
527450110
527450520
527451060
527451290
527451400
527451550
527452150
527455270
528104080
528110110
528118030
528142020
528166120
528178090
528186080
528228345
528228445
528235120
528240050
528280130
528326030
528363020
528363110
528387050
528431080
528431120
528458050
528462040
528478030
528478040
528490080
531363060
531373060
531375120
531376010
531382110
531382120
531450030
531450170
531452140
532351050
532353050
532376170
533206050
533208080
533212050
533212140
533212150
533215020
533215070
533215080
533217050
533234020
533350090
534126090
534127230
534128050
534129060
534175140
534202130
534225110
534225120
534250010
534403100
534428020
534428100
534453140
534477090
535105030
535126140
535150210
535151160
535179060
535302140
535305160
535327230
535375160
535402120
535451010
535451050
535451230
535453210
535455080
535455090
535456100
535475020
535476370
535477090
902100030
902103150
902105010
902105020
902105130
902107030
902306120
902306130
902406020
902427150
903201030
903204095
903206070
903225160
903226060
903226150
903228040
903230110
903232030
903234090
903400180
903401020
903453050
903454100
903455030
903455140
903456130
903484020
904100160
905104080
905202230
905300020
905401045
905426030
905452120
905477050
905479110
906223140
906380030
906412010
906420130
906424010
907135260
907192130
907196050
907201060
907227300
907251090
907255020
907255060
907285080
907290150
907295020
907405020
907418010
908103280
908128050
908151040
908186040
908201120
908225170
908250040
909101180
909131170
909250230
909275050
909276170
909281110
909425085
909428190
909451150
910200080
911102090
911102170
911370490
914476010
914476450
916125425
916380060
916403230
916460060
916477020
921126030
923202005
923203140
923225080
923225370
923252100
923277040
923426010
924100020
526352080
526352090
527110120
527158090
527162090
527163080
527165100
527175130
527182170
527184020
527210060
527226040
527252050
527252070
527301080
527302090
527325110
527328020
527359010
527359080
527402240
527404100
527425140
527450220
527451170
527455030
527455250
528102120
528104010
528106040
528108160
528110070
528110100
528112150
528118040
528120150
528144050
528150040
528168040
528172050
528172075
528174010
528181080
528186050
528186090
528186120
528188160
528218020
528222060
528222090
528231010
528235000
528235160
528235170
528290170
528320050
528327060
528354110
528429090
528431030
528431040
528431110
528435070
528445020
528456190
528456230
528458080
528458130
528477020
528482010
528482090
531375140
531451150
532378240
532479050
533120030
533130170
533208040
533208070
533213130
533236040
533242090
533250190
533251110
533251130
533254130
534104090
534125120
534178010
534201040
534202030
534252110
534275170
534276180
534278170
534278190
534403290
534403420
534425080
534429030
534431020
534450090
534453080
534475170
534478140
534479120
535101150
535105110
535106180
535151100
535151110
535152060
535177110
535181030
535181140
535302070
535327200
535353160
535354050
535375130
535378080
535379110
535382150
535450220
535451040
535451110
535452060
535453080
535476360
535477130
535478040
902105110
902106070
902110010
902202070
902301030
902305010
902408080
902427040
902427180
903225040
903231180
903232100
903426010
903453080
903454010
903454090
903458060
903476100
904101070
904301110
904302010
905100080
905102010
905103110
905105040
905107140
905201080
905226080
905226170
905301050
905376090
905478140
905478220
905480090
906201022
906201023
906201200
906380040
906380120
906380160
906394050
907125040
907125120
907135180
907180040
907187040
907192120
907192150
907202220
907203060
907260040
907275080
907290140
907295040
907410020
907414060
907420060
908102100
908127070
908152070
908152280
908154205
908225240
908225310
908226180
908250100
908275090
909252010
909252170
909275110
909276210
909281020
909428180
909455060
910201020
910201180
910205130
910206010
911128010
911370460
914452090
914452190
916384070
916384150
916403040
916455010
916455150
916460020
917425190
921205070
923202134
923202220
923204140
923225050
923228220
923229010
923230180
923251160
526302040
527108020
527166030
527182020
527190220
527210040
527210050
527216050
527252090
527254070
527327080
527356020
527375160
527376110
527402210
527403120
527427210
527450080
527452290
527453070
527455100
528106010
528106120
528116030
528118010
528120140
528142070
528144030
528150080
528172020
528181030
528181040
528186110
528218060
528218080
528218140
528221010
528222020
528228360
528228565
528231050
528240080
528275060
528275080
528280100
528290140
528294070
528315070
528320060
528358030
528365090
531375070
531375100
531450040
531452100
532353180
532376180
532476050
533110130
533128030
533128090
533212100
533212110
533223080
533241010
533242030
533252020
533253090
533253160
533350050
534127190
534129230
534176250
534201280
534202180
534250300
534276230
534403280
534403440
534453150
534479240
535125060
535150240
535150300
535151130
535178100
535179050
535301150
535304020
535305120
535325460
535353180
535354130
535355100
535380130
535381060
535402100
535403150
535404080
535425040
535451190
535454030
535478010
902100130
902104020
902106040
902110120
902128100
902325050
902325160
902329070
902329090
902456015
903200050
903231190
903232170
903235020
903236200
903400030
903455090
904100090
905100030
905200380
905201090
905351045
905426100
905451050
905452150
906204180
906223180
906225180
906380150
906392120
906394010
907125020
907175030
907187010
907192010
907194130
907201160
907203010
907227090
907230240
907290080
907290260
907410100
907410110
908102320
908103320
908127050
908186090
908188120
908188130
908227040
908228040
909101050
909101190
909201180
909250200
909254070
909275250
909281010
909425120
910203230
910207110
910226060
913350030
914452060
914474020
914476050
914476500
916402125
916403020
916475100
916477010
923125030
923203090
923205120
923225240
923227100
923228310
923229110
923250060
924100070
