PID,SalePrice
527127150,192232.82776765752
527162130,188558.84801154054
527163010,183279.05093349132
527182190,199705.6633834567
527216070,375619.2556321005
527358140,190262.14984620904
527402200,134600.73322530233
527402250,147274.95456527677
527425090,98505.81825742844
528181050,194793.39311332774
528218150,161049.32499565647
528240070,224098.8491096167
528250100,169173.51851701707
528358010,236114.05287170527
528382030,206180.6567169584
528445060,191294.24197817035
531367050,222206.26677445986
531369060,201944.82720467215
532351140,171389.6849107648
532354090,132023.27982051895
532376160,133841.81738653424
532479070,191966.553045123
533212060,162227.8610178656
533221090,166512.51077695235
533238045,197741.5125615052
533244030,222846.88408990763
533352170,160130.74200441185
534152050,199859.8280791237
534152070,224349.90373707388
534202160,132898.25592819945
534251320,156281.31280773354
534276360,138320.57091173565
534425310,141707.8841660695
534427010,173234.6878625431
534431050,210264.3183717121
534431070,166128.88397738716
534479320,142147.08440563566
535106190,156702.8803732426
535152250,130207.46451856331
535302080,123308.63567294282
535350030,121202.53575099006
535350040,116556.74125313858
535454070,150672.43685065472
535457090,129646.68175589704
902102100,182886.58209392487
902104060,82865.19960404008
902110090,157534.25046302317
902125080,160161.65327888372
902206040,129417.82563930673
902207140,80531.54445080148
902402010,114434.18599244727
902402250,181150.41973429598
903206120,160311.3057366192
903226160,101095.65964820638
903425110,133375.92189861945
903430080,118868.9779760823
903450110,114189.22601093886
903454060,133500.01368988634
903476030,167857.2044516568
904100140,207948.30159821134
904302260,128842.15187101519
904352190,186760.0951947642
905105200,129608.51569747456
905106140,122742.883997596
905109130,257073.34909101826
905109170,188148.01234827522
905325030,212488.66420230502
905352140,249484.3560612225
905451320,136127.06523049227
905475510,141089.50458803037
906201120,202511.74046085856
906223090,228058.85716999392
906380190,184497.0685702297
906385020,153228.27618776422
906402200,309671.90287756256
907200280,135426.89767038738
907203070,120588.92081869654
907250030,234200.0631887602
907290040,178470.98489395203
907290170,132504.50988677435
907414030,182156.6297696649
908102060,69276.39867348668
908102110,117504.90570181044
908103350,138515.1305049707
908226130,86282.16558761551
909100080,145521.9633708582
909101070,69099.085048363
909250060,230432.88741001696
909428280,245367.5969568938
909452114,189491.19799117232
909455030,141193.80660349614
911204090,118336.85404451
911370510,223743.73280178488
914478110,176527.5838091444
916386020,159404.12496416635
916386060,162525.17146849923
916386090,243974.80665442994
923205015,172822.59681400936
923230190,98489.37520051196
527105070,184242.97980732284
527105130,243351.44864716462
527131030,201332.52159818466
527146010,209484.35498705466
527180100,160567.05459174793
527276160,219707.84902279143
527301320,249087.57414025435
527352150,202415.94849221973
527375180,155353.64008657454
527376100,155290.33176199588
527378140,187407.51161765074
527405180,98201.94781350657
527425110,95182.75491565585
527450280,96146.91821409985
527453060,146375.40352064988
527453140,131460.28799946487
527455050,153665.26608682357
527455080,141379.41946405848
527455090,76374.01299144093
527455280,140886.73335153237
528102040,275876.8335102728
528102140,337339.57926659734
528108040,318429.70548715297
528112040,249971.90186519804
528116010,264716.7027959692
528118060,327555.71136398945
528120030,270614.56971778977
528138010,269492.93768939876
528142040,292562.96165189834
528142090,261463.3367134682
528142130,235283.74374293868
528168030,279225.36215334473
528174050,205919.08994903264
528174060,221803.7500392988
528218090,173993.24257622915
528220040,205229.4743217866
528228295,173771.75943905866
528235010,198680.53347863862
528240060,190046.21386869205
528250020,201844.49141556898
528250040,189794.88410921465
528275070,226171.01217507856
528280230,230482.84668842133
528290030,165676.51628568704
528290120,193734.2799471509
528290180,192217.19722150144
528292030,244512.35885943728
528292070,230232.77370002435
528294050,160316.64250273717
528344040,283675.73851062066
528365070,307525.50930547755
528431020,191392.9026600354
528435050,235175.40309410496
528439060,214686.89494046872
528441020,225101.98020946904
528441090,297293.0931133961
528456180,223068.9162258326
528456220,180758.0786471601
528458060,169177.644047813
528458180,189030.45760466892
528477070,220990.49188931932
528480040,224102.83559780684
528480130,185887.81161239202
528482040,229517.52933460678
528490070,198613.299780961
531363050,148123.58060748788
531375040,145681.22711231362
531375130,167218.54960178843
531376090,171511.03402649955
531379050,238599.77153677942
531385020,184032.42316540598
532353020,119621.9015262487
532354230,90903.72376333122
532377130,145151.33497369502
532478020,199533.71882931486
533213020,167900.57111953554
533213040,145647.10292433345
533236050,190085.05941082025
533252040,224624.04455680668
534127130,151540.1948739894
534127170,169517.83907763968
534128020,201180.43714699592
534129080,201123.25497414503
534152120,161800.84643279028
534175080,197419.639707919
534177230,196962.42662184755
534200030,105935.84539024912
534226120,108830.38808245905
534251030,179834.72188583907
534252240,155559.51026174892
534275060,117518.95954851378
534275100,98201.94781350657
534276040,98187.19400391377
534400290,157850.8965865724
534451110,135618.0338166773
534475185,161535.57646147365
534476320,104860.78534427524
535126010,211824.01469055843
535154130,133595.12916614985
535175030,170269.45514565107
535175050,79748.66712673847
535178040,117655.76500776368
535179160,142720.96375939008
535301170,139145.14110714482
535303150,129616.16456594173
535325290,126732.65090935532
535354070,109506.57984212671
535375050,174222.15661121218
535381040,199096.19676964765
535383060,111022.95774018721
535403190,126729.91651774876
535450160,70528.44373494867
535453200,124560.39014285592
535475010,145626.56185818763
535476110,130342.68453891909
902105060,142715.3632558507
902106010,128649.26169508742
902109130,161718.56524790943
902134120,138130.6453340498
902135020,96770.2042565453
902201110,116369.85266971386
902300090,125011.25146851834
902301060,149451.64896750712
902327070,173250.84555339877
902329080,162802.5429496232
902330040,163918.33799207187
902401130,143099.06862778804
902402150,79322.2709225175
902405100,145833.6499471439
902406070,145146.50048944424
902477120,68440.11078384156
903201020,122354.21730605328
903202170,173999.9400071309
903226130,109056.2559045959
903230100,127032.87887222818
903231010,129321.07928202853
903236040,105388.903667638
903400220,147950.86311864294
903427120,149325.8442159231
903475100,125594.72550807196
903476090,117836.6213992507
904100190,113253.56078863675
904301070,179532.84259031637
904301375,110241.65570650292
904351200,131522.80407708156
905200260,149905.59955015202
905200350,143932.70778328335
905325020,225330.9701197112
905451300,101414.42862455508
905452040,153962.43710898573
905475160,127869.21350978778
905478030,159400.00218272075
905480030,112519.75457443352
906201050,152569.19955521982
906223210,217705.05528928392
906226060,161335.9473697029
906226080,155165.726118104
906226090,179852.17781715677
906226140,135687.4123960231
906340100,238028.3139641101
906378110,201870.38640608639
906380060,245623.4499864058
906380100,209585.17569273623
906380220,188216.68051793514
906392130,200461.9410538249
907126050,131349.916751357
907131090,225071.3316456363
907131190,176231.18712275638
907135040,133151.83809570182
907135170,121564.0748466568
907185050,205545.28303142183
907192030,178685.7192824196
907194110,164773.9472558607
907196060,187520.8596670432
907202130,152835.58559417224
907227080,103741.0361102456
907227110,107275.55177692015
907252060,242759.0629475246
907252220,250158.9824922207
907265010,191508.64880304725
907275090,208441.0676895411
907285020,213803.938984384
907285050,195203.68686797481
907290070,152673.19584795187
907412020,182460.26559314347
907414080,183413.57721514022
908102050,127481.00930838383
908152100,147080.44833350845
908154040,235247.71096159914
908225370,100668.3663549634
908229020,118051.69148434959
908275040,139333.0362918355
908275110,135186.15445276495
909101010,103621.4177961263
909101140,146728.4226693357
909129090,135187.44416264756
909179020,261750.85354053386
909251170,183647.76212264993
909253180,165663.58065808075
909279010,197657.65906557592
909282130,139987.92778024854
909427200,143300.109621894
909451040,90029.78626557719
909451140,117000.85247065168
909451180,112587.98960634462
909452050,193257.7335174597
910204050,166483.68071332554
911104060,66740.67019924933
914475010,139098.02383098373
914475030,158639.81243900393
914476020,151394.00346922496
916386140,184072.7031192112
916403010,190256.21347232285
916403250,215043.55533028403
916460110,206121.71874459682
916475040,266493.5004996285
923203110,153898.78880523675
923225360,109037.25218559602
923225490,105609.12693280498
923227080,159740.58566578894
923275040,174189.59985620002
923276260,151594.79100357395
923400025,190913.92570952786
526351030,153624.09143182804
526353050,217219.6791466716
526354070,212284.64750173857
527106150,207226.32988891337
527127140,251406.51965282997
527140090,188940.051222158
527145090,167569.91402111886
527165010,193475.56902291375
527183060,211216.8617963646
527214030,280190.61856034014
527226020,95605.61960608631
527252080,251942.74470234517
527302050,166255.78592273314
527357110,103560.21323927559
527380240,252021.3541490414
527402060,136216.33019463616
527450110,88967.81071760823
527450520,85454.36001085732
527451060,81788.70322111662
527451290,81788.70322111662
527451400,77375.84035680958
527451550,113631.9489181883
527452150,108520.14513902488
527455270,93747.29458846527
528104080,337394.0801339409
528110110,289338.79642209155
528118030,333440.96470154426
528142020,265236.33042343636
528166120,334896.21860478545
528178090,302779.3886572475
528186080,194998.6200269413
528228345,186414.74430516938
528228445,155213.28731992404
528235120,187745.45589173894
528240050,200308.6322722506
528280130,207648.43066828424
528326030,282062.62838311394
528363020,284814.90828258655
528363110,276836.2682666956
528387050,259850.74691294244
528431080,185454.11158858007
528431120,237966.99721150473
528458050,176369.2790426559
528462040,171958.04214388342
528478030,229228.628315615
528478040,218655.42597396282
528490080,188418.1873365703
531363060,150973.06145344328
531373060,202749.9805328814
531375120,152860.33460880522
531376010,183202.48469380912
531382110,192694.76386834134
531382120,213392.37962225574
531450030,193359.30740009964
531450170,188347.13977585535
531452140,140239.45207677557
532351050,123670.18866101743
532353050,112181.69842578411
532376170,96802.00815551508
533206050,156748.15813892538
533208080,144170.55293670692
533212050,155753.36623062848
533212140,144936.92896515608
533212150,146103.17134972478
533215020,224268.3059163298
533215070,219835.49786345556
533215080,223690.79666673305
533217050,163052.64686195966
533234020,204756.2077228183
533350090,267122.85616360966
534126090,180367.15248967713
534127230,166400.96668851632
534128050,149459.83842850343
534129060,180861.1510521578
534175140,146638.04224241932
534202130,123579.20225424865
534225110,144518.2578765766
534225120,144518.2578765766
534250010,141403.20645275552
534403100,144930.7796881226
534428020,132939.7718910441
534428100,134935.76074518423
534453140,91231.05976097615
534477090,159730.51183447384
535105030,124500.09823110004
535126140,200583.9726380813
535150210,118202.97536902413
535151160,128486.71546514508
535179060,147239.44792463304
535302140,110670.73046468424
535305160,89548.40263107928
535327230,150019.2493435031
535375160,121882.7671031393
535402120,164095.35398850864
535451010,146165.54317439132
535451050,118231.56234582604
535451230,87357.94286412619
535453210,127987.19135071931
535455080,106540.62053924064
535455090,110273.60420630146
535456100,82786.29826760585
535475020,171672.971809396
535476370,170271.27841446834
535477090,112230.72660116578
902100030,81304.201002148
902103150,121535.14156990644
902105010,94314.83933056796
902105020,228823.614998286
902105130,96319.62637767996
902107030,131588.74832369006
902306120,152371.99575489693
902306130,153406.68933415943
902406020,131460.58582153075
902427150,105236.95227779057
903201030,91278.82798067774
903204095,70405.55439078149
903206070,163679.4871499361
903225160,112944.86708547868
903226060,175023.1423639853
903226150,81754.41521581443
903228040,140333.92054622105
903230110,135316.9222232023
903232030,75070.16665042257
903234090,150722.31902504683
903400180,162886.28450343796
903401020,188081.0517978135
903453050,114894.34453299588
903454100,155409.98201052618
903455030,111173.25864144124
903455140,104211.30747898686
903456130,168105.6529522962
903484020,134483.11461957978
904100160,151445.06766546247
905104080,103294.02881989501
905202230,168637.03919399774
905300020,134238.00486866737
905401045,185424.40384699035
905426030,197914.36503403413
905452120,113408.92772458603
905477050,139923.88318089207
905479110,101477.88699566685
906223140,228571.1831943324
906380030,210030.06740132766
906412010,269433.3336991368
906420130,230032.96319075697
906424010,206875.2430799718
907135260,126046.23607514116
907192130,201990.09072798886
907196050,219343.36086138425
907201060,113948.87849725073
907227300,97893.49056081781
907251090,230936.85887615953
907255020,225566.58145570935
907255060,237715.81738606835
907285080,220219.44438535481
907290150,132504.50988677435
907295020,218315.4966464744
907405020,202703.70371607417
907418010,173378.26619391463
908103280,103055.318960743
908128050,153740.85832689813
908151040,140555.48100700314
908186040,122522.3633064767
908201120,131639.8415775108
908225170,107365.10008706032
908250040,116642.90595780779
909101180,159790.93382431546
909131170,141990.07787031215
909250230,213099.7235595935
909275050,148188.92427516924
909276170,146870.60758143425
909281110,161319.26711950696
909425085,205892.18498695368
909428190,174938.25135293114
909451150,163868.40956848132
910200080,99291.24054459597
911102090,129709.030225571
911102170,101772.0048825117
911370490,236938.64395014936
914476010,150207.46441197788
914476450,198868.3507484555
916125425,240301.9850386376
916380060,205332.96791740204
916403230,204849.8078838741
916460060,214104.31625851785
916477020,262170.92101755616
921126030,230273.46700899675
923202005,168665.0462665598
923203140,153066.16829551826
923225080,102813.33842562017
923225370,115933.12199831806
923252100,102449.01672609203
923277040,105789.61645773436
923426010,95065.07581650042
924100020,208460.08763992772
526352080,162660.60178915923
526352090,135555.79032888293
527110120,189647.56995293766
527158090,181129.51480553963
527162090,146992.38595261564
527163080,149871.91786927806
527165100,175612.19854557706
527175130,154648.88203441206
527182170,217853.09542089188
527184020,170782.31082281988
527210060,268341.3469827985
527226040,140508.68706620098
527252050,246502.95737218432
527252070,236230.24141352385
527301080,175752.48649844542
527302090,194422.6738755742
527325110,191712.66050759226
527328020,153031.72336726537
527359010,175133.31943167816
527359080,190001.67335832166
527402240,152332.81466539152
527404100,96708.16866600384
527425140,99339.85908604185
527450220,123317.57884771889
527451170,107149.27962838554
527455030,108979.11880840959
527455250,112268.03845907819
528102120,239457.27042274515
528104010,248414.2777058279
528106040,256112.27260153502
528108160,250573.16508651304
528110070,255208.56789954728
528110100,310293.42674799147
528112150,221203.06891986163
528118040,286077.0992227954
528120150,295463.79952049104
528144050,274707.7405180974
528150040,277187.1135901752
528168040,277674.07574182015
528172050,223047.57586124085
528172075,216983.3501139456
528174010,207307.36446952628
528181080,183132.1243883518
528186050,237789.5452983313
528186090,236901.41675463162
528186120,239639.67622786819
528188160,206106.14316510997
528218020,190095.15401970374
528222060,188707.1428038046
528222090,156219.5523683264
528231010,221829.3288477125
528235000,192604.52103521826
528235160,231262.74225898494
528235170,213206.43879674602
528290170,201986.6112021985
528320050,442849.5809828999
528327060,332760.72842690616
528354110,274893.42412185663
528429090,223832.83955375082
528431030,196034.38835905417
528431040,273107.48437239084
528431110,234836.31127565634
528435070,202828.00350228522
528445020,202239.68779789732
528456190,165625.12987301408
528456230,165458.60577107038
528458080,209658.39137658878
528458130,286784.4914599171
528477020,200964.37454426574
528482010,221039.79390800942
528482090,255198.85711748956
531375140,151750.17392918057
531451150,120442.86186591577
532378240,99537.5293209779
532479050,143476.2264623755
533120030,261701.15503093728
533130170,296995.8396974631
533208040,149768.50661609782
533208070,144170.55293670692
533213130,179492.9394836669
533236040,159185.45029142953
533242090,246866.24003953696
533250190,195260.34969205532
533251110,247952.32168419292
533251130,195054.82553344953
533254130,180444.72378911357
534104090,227343.03484238754
534125120,136387.57539440173
534178010,116482.54393870228
534201040,125842.37021693337
534202030,140541.844007288
534252110,122340.75492277188
534275170,102858.96783842746
534276180,117704.61093064187
534278170,119409.7162019414
534278190,92770.16478105751
534403290,202609.8948468751
534403420,137484.47670596972
534425080,162027.5352144332
534429030,128091.4509585985
534431020,98955.11177910001
534450090,86837.53951514166
534453080,91515.88843362454
534475170,175614.21052928508
534478140,140733.4469432195
534479120,154878.3451574053
535101150,136202.95753390124
535105110,151714.29387714303
535106180,111935.66288304914
535151100,134788.70335516523
535151110,127676.83555625619
535152060,121370.12312642341
535177110,155501.44001869607
535181030,182733.6068936441
535181140,152394.07906919112
535302070,95518.55527885594
535327200,103265.27061351121
535353160,165666.39296415373
535354050,108795.93787699664
535375130,96551.79378207322
535378080,158505.7587131647
535379110,167762.6866458823
535382150,105237.50421168968
535450220,102778.92654818934
535451040,97753.6304476981
535451110,116082.91744884009
535452060,113174.36317884672
535453080,130298.95331126226
535476360,208931.92576647992
535477130,165289.14253781288
535478040,125919.60265584057
902105110,128212.09281290245
902106070,112797.96139172297
902110010,111478.13013827968
902202070,102532.39574779772
902301030,154777.16149866246
902305010,124023.2039804442
902408080,176101.23360803456
902427040,108415.75924446431
902427180,154036.6835450912
903225040,135700.2934193343
903231180,130620.01459950523
903232100,139334.07913428952
903426010,143539.55056847932
903453080,211702.96264210658
903454010,132786.24608426352
903454090,150742.11849013309
903458060,116566.21734096593
903476100,95158.35475527214
904101070,250305.8169305923
904301110,118137.09964013597
904302010,131569.07845937807
905100080,167316.14766708668
905102010,132171.06352336533
905103110,135159.1156582101
905105040,101071.45856243078
905107140,144852.15360199113
905201080,157694.14565391545
905226080,139614.5507553775
905226170,149601.63713246852
905301050,229464.95304025762
905376090,151753.0997917814
905478140,150046.59369445813
905478220,172038.11489683908
905480090,101180.80090114726
906201022,202324.0349655982
906201023,234954.1457301887
906201200,266991.3670336008
906380040,212028.35662465205
906380120,170472.90894777153
906380160,171915.11066464597
906394050,171968.8025180162
907125040,125031.51816122646
907125120,115201.47178890886
907135180,133225.34357163278
907180040,200037.94655703817
907187040,216584.9232349347
907192120,199539.74577914388
907192150,179129.78355426947
907202220,90046.72927499583
907203060,104478.6180511315
907260040,183683.12423503574
907275080,199060.41000569757
907290140,132504.50988677435
907295040,203573.84977326187
907410020,168472.2410298727
907414060,182600.69404151477
907420060,182938.64874356973
908102100,130837.24751760188
908127070,101261.79441549984
908152070,128292.59479820778
908152280,140147.1962706362
908154205,417334.8641948815
908225240,97752.10552261637
908225310,112835.04191569366
908226180,90258.72620001592
908250100,97524.53218661404
908275090,123898.03081306831
909252010,198740.33615658118
909252170,123571.95721836286
909275110,169674.73893019714
909276210,159358.97028886413
909281020,119348.00787688667
909428180,139362.665001173
909455060,116378.53957594464
910201020,98960.15414838634
910201180,164679.89573697947
910205130,126157.7396136841
910206010,71591.23136440529
911128010,107239.31475610225
911370460,212383.9988613407
914452090,170980.41291260105
914452190,108157.27273339209
916384070,221062.07190806197
916384150,201304.59405922005
916403040,157817.94173831417
916455010,207890.66825221648
916455150,213677.09196040267
916460020,189921.1753413687
917425190,194700.58200530516
921205070,248363.20477546827
923202134,128731.13821551068
923202220,145423.52550695016
923204140,154857.9136728539
923225050,133242.69340416213
923228220,93923.5505376449
923229010,154837.90176659275
923230180,125462.72675682885
923251160,132213.3446000495
526302040,134708.06377870287
527108020,190255.8518772947
527166030,180743.27344856306
527182020,142276.25013694857
527190220,252061.6601514009
527210040,330729.51886054344
527210050,273760.1536032319
527216050,325979.4293603332
527252090,237914.63937329943
527254070,253837.54105609463
527327080,197436.19903301029
527356020,272094.8111384138
527375160,169729.11780117665
527376110,181594.68928431388
527402210,130748.2074136586
527403120,91860.02143310333
527427210,164368.86178221423
527450080,110969.4170804263
527452290,153564.96530353936
527453070,115063.57897939724
527455100,149457.93911810627
528106010,288855.0323590394
528106120,239168.87262595014
528116030,268782.8097028352
528118010,305603.9776018633
528120140,291143.4715730323
528142070,317625.38537099754
528144030,261144.72663514182
528150080,264980.2225396394
528172020,283631.20462884335
528181030,188786.48042362538
528181040,188786.48042362538
528186110,216818.35413271445
528218060,185654.51130120514
528218080,170353.35653081024
528218140,225933.97099678655
528221010,177681.7885442698
528222020,170353.35653081024
528228360,195419.09082985832
528228565,178777.36535634217
528231050,205759.93268979446
528240080,209574.68368565262
528275060,186185.1873257032
528275080,198674.4949714807
528280100,203133.62519685028
528290140,200931.95855655504
528294070,228113.7933644217
528315070,220986.89017849055
528320060,379087.2142427529
528358030,248259.7006714322
528365090,281998.45247145445
531375070,140054.8752973216
531375100,162481.7956004711
531450040,181148.68743650347
531452100,137572.93989869708
532353180,148236.1936991586
532376180,96061.19406646826
532476050,264441.10721790674
533110130,255119.0438365413
533128030,270143.6287290074
533128090,233275.7006233415
533212100,141395.15123764527
533212110,147084.6988835207
533223080,170851.81247180433
533241010,201028.57773918472
533242030,191972.44219929352
533252020,158116.79067528094
533253090,148494.25249185503
533253160,149328.5663084996
533350050,224666.0581185681
534127190,197533.30450051842
534129230,174155.07811391173
534176250,115520.33624810881
534201280,144353.006785329
534202180,139630.85979341183
534250300,191700.31069780444
534276230,151971.4922785301
534403280,144166.09538986176
534403440,134705.9056389504
534453150,141569.65057175222
534479240,134928.09049511544
535125060,211067.73006587278
535150240,92611.87524968316
535150300,248269.74065693375
535151130,122114.70648920916
535178100,162838.95198110153
535179050,118180.81471010008
535301150,129994.97204989167
535304020,107454.68956214451
535305120,163091.955192354
535325460,190206.83587044495
535353180,242670.02302077122
535354130,121236.15595263097
535355100,133152.37591037794
535380130,159392.34092149563
535381060,124857.61246290866
535402100,138789.36204786637
535403150,146324.09382398307
535404080,90539.2255240438
535425040,175010.82704607246
535451190,87399.17404697568
535454030,78525.25574561255
535478010,122364.54596553934
902100130,117745.64216237511
902104020,141079.6614683365
902106040,170579.41720162565
902110120,192476.69131548918
902128100,103245.65443564461
902325050,158103.76491232956
902325160,112509.6335120943
902329070,108763.50447845759
902329090,179038.24048212107
902456015,91529.38680386316
903200050,84395.35108565362
903231190,109590.31925059835
903232170,108563.38816127586
903235020,77568.41785588648
903236200,78433.55486584926
903400030,63736.75564740908
903455090,143888.4037195782
904100090,159402.63515960466
905100030,139837.5925205434
905200380,115754.41409420189
905201090,160920.5507588199
905351045,183309.09030082525
905426100,206114.88120752113
905451050,120735.0759471739
905452150,141109.0463367248
906204180,243726.25833742687
906223180,211654.6795853295
906225180,196915.96362415462
906380150,170138.85357724648
906392120,230091.36190506315
906394010,199914.45197367173
907125020,125165.31193556685
907175030,202093.1153422806
907187010,220121.0470080843
907192010,205367.29149019934
907194130,192638.27228510898
907201160,146638.8672596411
907203010,102285.1259481017
907227090,91782.76150467606
907230240,141435.30431786942
907290080,204609.6530459606
907290260,228049.43394249782
907410100,193653.51548255875
907410110,189233.6172667907
908102320,162669.68407980923
908103320,113884.00368098899
908127050,129947.51662562758
908186090,120868.1009452748
908188120,140153.03125325454
908188130,140153.03125325454
908227040,118183.47717663825
908228040,122701.536606496
909101050,125014.55246161747
909101190,160739.95246542024
909201180,132842.6272475868
909250200,131900.94514670112
909254070,168096.0724723448
909275250,117867.18714332399
909281010,204344.8621018601
909425120,194744.1873249468
910203230,87354.24365993566
910207110,93962.49970929518
910226060,161681.59929813602
913350030,213487.64540326863
914452060,146750.1803891075
914474020,180831.02094686532
914476050,115460.59714656467
914476500,174940.6395377615
916402125,159933.75318593992
916403020,172891.60104132543
916475100,244238.1611216311
916477010,248520.316839961
923125030,121531.59179509798
923203090,158977.7480773186
923205120,129841.29889513535
923225240,143501.66337289044
923227100,187616.187870186
923228310,86592.2369581635
923229110,156198.59118564625
923250060,164422.85963458667
924100070,188300.52211571333
